 ****  Molecular Integrals For CheMPS Start Here 
 Symmetry Label = ci 
 Nirreps = 2 
 Nuclear Repulsion Energy = 125.7780076248893124 
 Number Of Molecular Orbitals = 8 
 Irreps Of Molecular Orbitals = 
 0 1 0 1 0 1 0 1 0 1 0 1 0 1 
 ...
 ...
 ****  MO OEI
 0 0 -38.0120093599102872872208536
 1 1 -34.3590227579846185790302115
 2 0 2.7863680157663526237854512
 0 2 2.7863680157663526237854512
 2 2 -32.2783347657451784584736743
 3 1 -3.2605727076628894245402535
 1 3 -3.2605727076628894245402535
 3 3 -32.7581566156044274862324528
 4 0 0.5076131527934308884653092
 0 4 0.5076131527934308884653092
 4 2 3.1223460628604473576785949
 2 4 3.1223460628604473576785949
 4 4 -30.7221366099420301054578886
 5 1 -1.7001487024506340972607177
 1 5 -1.7001487024506340972607177
 5 3 2.3966079319152968629680345
 3 5 2.3966079319152968629680345
 5 5 -27.4398506512457593942144740
 6 0 -0.6785884679364977412063809
 0 6 -0.6785884679364977412063809
 6 2 -1.0852313269723903310648438
 2 6 -1.0852313269723903310648438
 6 4 -3.1048666021309654361459707
 4 6 -3.1048666021309654361459707
 6 6 -26.9975268892919189056556206
 7 1 0.3387517744939536612491793
 1 7 0.3387517744939536612491793
 7 3 -0.3793383529417371224923272
 3 7 -0.3793383529417371224923272
 7 5 -2.7127866600529988438950113
 5 7 -2.7127866600529988438950113
 7 7 -28.9889776000545751344361634
 ****  MO TEI
 0 0 0 0 6.2124965644
 1 0 1 0 1.7102662956
 0 1 1 0 1.7102662956
 1 0 0 1 1.7102662956
 0 1 0 1 1.7102662956
 1 1 0 0 5.2562671101
 0 0 1 1 5.2562671101
 1 1 1 1 5.3382573018
 2 0 0 0 -0.9308430722
 0 2 0 0 -0.9308430722
 2 0 0 0 -0.9308430722
 0 2 0 0 -0.9308430722
 0 0 2 0 -0.9308430722
 0 0 0 2 -0.9308430722
 0 0 2 0 -0.9308430722
 0 0 0 2 -0.9308430722
 2 0 1 1 0.0763848880
 0 2 1 1 0.0763848880
 2 0 1 1 0.0763848880
 0 2 1 1 0.0763848880
 1 1 2 0 0.0763848880
 1 1 0 2 0.0763848880
 1 1 2 0 0.0763848880
 1 1 0 2 0.0763848880
 2 0 2 0 0.9780960703
 0 2 2 0 0.9780960703
 2 0 0 2 0.9780960703
 0 2 0 2 0.9780960703
 2 1 1 0 1.1872904552
 1 2 1 0 1.1872904552
 2 1 0 1 1.1872904552
 1 2 0 1 1.1872904552
 1 0 2 1 1.1872904552
 1 0 1 2 1.1872904552
 0 1 2 1 1.1872904552
 0 1 1 2 1.1872904552
 2 1 2 1 1.4964402253
 1 2 2 1 1.4964402253
 2 1 1 2 1.4964402253
 1 2 1 2 1.4964402253
 2 2 0 0 5.1243858702
 0 0 2 2 5.1243858702
 2 2 1 1 5.1377054189
 1 1 2 2 5.1377054189
 2 2 2 0 0.0198738597
 2 2 2 0 0.0198738597
 2 2 0 2 0.0198738597
 2 2 0 2 0.0198738597
 2 0 2 2 0.0198738597
 2 0 2 2 0.0198738597
 0 2 2 2 0.0198738597
 0 2 2 2 0.0198738597
 2 2 2 2 5.1647233392
 3 0 1 0 0.5098498776
 0 3 1 0 0.5098498776
 3 0 0 1 0.5098498776
 0 3 0 1 0.5098498776
 1 0 3 0 0.5098498776
 1 0 0 3 0.5098498776
 0 1 3 0 0.5098498776
 0 1 0 3 0.5098498776
 3 0 2 1 -0.2914967443
 0 3 2 1 -0.2914967443
 3 0 1 2 -0.2914967443
 0 3 1 2 -0.2914967443
 2 1 3 0 -0.2914967443
 2 1 0 3 -0.2914967443
 1 2 3 0 -0.2914967443
 1 2 0 3 -0.2914967443
 3 0 3 0 0.7767170626
 0 3 3 0 0.7767170626
 3 0 0 3 0.7767170626
 0 3 0 3 0.7767170626
 3 1 0 0 0.9671670109
 1 3 0 0 0.9671670109
 3 1 0 0 0.9671670109
 1 3 0 0 0.9671670109
 0 0 3 1 0.9671670109
 0 0 1 3 0.9671670109
 0 0 3 1 0.9671670109
 0 0 1 3 0.9671670109
 3 1 1 1 0.0862971336
 1 3 1 1 0.0862971336
 3 1 1 1 0.0862971336
 1 3 1 1 0.0862971336
 1 1 3 1 0.0862971336
 1 1 1 3 0.0862971336
 1 1 3 1 0.0862971336
 1 1 1 3 0.0862971336
 3 1 2 0 -0.8651588780
 1 3 2 0 -0.8651588780
 3 1 0 2 -0.8651588780
 1 3 0 2 -0.8651588780
 2 0 3 1 -0.8651588780
 2 0 1 3 -0.8651588780
 0 2 3 1 -0.8651588780
 0 2 1 3 -0.8651588780
 3 1 2 2 -0.0547325549
 1 3 2 2 -0.0547325549
 3 1 2 2 -0.0547325549
 1 3 2 2 -0.0547325549
 2 2 3 1 -0.0547325549
 2 2 1 3 -0.0547325549
 2 2 3 1 -0.0547325549
 2 2 1 3 -0.0547325549
 3 1 3 1 0.9304932542
 1 3 3 1 0.9304932542
 3 1 1 3 0.9304932542
 1 3 1 3 0.9304932542
 3 2 1 0 -1.4839958765
 2 3 1 0 -1.4839958765
 3 2 0 1 -1.4839958765
 2 3 0 1 -1.4839958765
 1 0 3 2 -1.4839958765
 1 0 2 3 -1.4839958765
 0 1 3 2 -1.4839958765
 0 1 2 3 -1.4839958765
 3 2 2 1 -1.2666282075
 2 3 2 1 -1.2666282075
 3 2 1 2 -1.2666282075
 2 3 1 2 -1.2666282075
 2 1 3 2 -1.2666282075
 2 1 2 3 -1.2666282075
 1 2 3 2 -1.2666282075
 1 2 2 3 -1.2666282075
 3 2 3 0 -0.2395303142
 2 3 3 0 -0.2395303142
 3 2 0 3 -0.2395303142
 2 3 0 3 -0.2395303142
 3 0 3 2 -0.2395303142
 3 0 2 3 -0.2395303142
 0 3 3 2 -0.2395303142
 0 3 2 3 -0.2395303142
 3 2 3 2 1.4877426959
 2 3 3 2 1.4877426959
 3 2 2 3 1.4877426959
 2 3 2 3 1.4877426959
 3 3 0 0 5.7220971952
 0 0 3 3 5.7220971952
 3 3 1 1 5.1719075809
 1 1 3 3 5.1719075809
 3 3 2 0 -0.5402043445
 3 3 2 0 -0.5402043445
 3 3 0 2 -0.5402043445
 3 3 0 2 -0.5402043445
 2 0 3 3 -0.5402043445
 2 0 3 3 -0.5402043445
 0 2 3 3 -0.5402043445
 0 2 3 3 -0.5402043445
 3 3 2 2 5.0677317259
 2 2 3 3 5.0677317259
 3 3 3 1 0.5926282379
 3 3 3 1 0.5926282379
 3 3 1 3 0.5926282379
 3 3 1 3 0.5926282379
 3 1 3 3 0.5926282379
 3 1 3 3 0.5926282379
 1 3 3 3 0.5926282379
 1 3 3 3 0.5926282379
 3 3 3 3 5.4733368044
 4 0 0 0 0.0330502600
 0 4 0 0 0.0330502600
 4 0 0 0 0.0330502600
 0 4 0 0 0.0330502600
 0 0 4 0 0.0330502600
 0 0 0 4 0.0330502600
 0 0 4 0 0.0330502600
 0 0 0 4 0.0330502600
 4 0 1 1 -0.2758521191
 0 4 1 1 -0.2758521191
 4 0 1 1 -0.2758521191
 0 4 1 1 -0.2758521191
 1 1 4 0 -0.2758521191
 1 1 0 4 -0.2758521191
 1 1 4 0 -0.2758521191
 1 1 0 4 -0.2758521191
 4 0 2 0 -0.2845016869
 0 4 2 0 -0.2845016869
 4 0 0 2 -0.2845016869
 0 4 0 2 -0.2845016869
 2 0 4 0 -0.2845016869
 2 0 0 4 -0.2845016869
 0 2 4 0 -0.2845016869
 0 2 0 4 -0.2845016869
 4 0 2 2 0.0501282155
 0 4 2 2 0.0501282155
 4 0 2 2 0.0501282155
 0 4 2 2 0.0501282155
 2 2 4 0 0.0501282155
 2 2 0 4 0.0501282155
 2 2 4 0 0.0501282155
 2 2 0 4 0.0501282155
 4 0 3 1 -0.0152703643
 0 4 3 1 -0.0152703643
 4 0 1 3 -0.0152703643
 0 4 1 3 -0.0152703643
 3 1 4 0 -0.0152703643
 3 1 0 4 -0.0152703643
 1 3 4 0 -0.0152703643
 1 3 0 4 -0.0152703643
 4 0 3 3 -0.0290642329
 0 4 3 3 -0.0290642329
 4 0 3 3 -0.0290642329
 0 4 3 3 -0.0290642329
 3 3 4 0 -0.0290642329
 3 3 0 4 -0.0290642329
 3 3 4 0 -0.0290642329
 3 3 0 4 -0.0290642329
 4 0 4 0 0.5142199914
 0 4 4 0 0.5142199914
 4 0 0 4 0.5142199914
 0 4 0 4 0.5142199914
 4 1 1 0 -0.4835477532
 1 4 1 0 -0.4835477532
 4 1 0 1 -0.4835477532
 1 4 0 1 -0.4835477532
 1 0 4 1 -0.4835477532
 1 0 1 4 -0.4835477532
 0 1 4 1 -0.4835477532
 0 1 1 4 -0.4835477532
 4 1 2 1 -0.0426046032
 1 4 2 1 -0.0426046032
 4 1 1 2 -0.0426046032
 1 4 1 2 -0.0426046032
 2 1 4 1 -0.0426046032
 2 1 1 4 -0.0426046032
 1 2 4 1 -0.0426046032
 1 2 1 4 -0.0426046032
 4 1 3 0 -0.3900399406
 1 4 3 0 -0.3900399406
 4 1 0 3 -0.3900399406
 1 4 0 3 -0.3900399406
 3 0 4 1 -0.3900399406
 3 0 1 4 -0.3900399406
 0 3 4 1 -0.3900399406
 0 3 1 4 -0.3900399406
 4 1 3 2 0.1444178131
 1 4 3 2 0.1444178131
 4 1 2 3 0.1444178131
 1 4 2 3 0.1444178131
 3 2 4 1 0.1444178131
 3 2 1 4 0.1444178131
 2 3 4 1 0.1444178131
 2 3 1 4 0.1444178131
 4 1 4 1 0.5177286776
 1 4 4 1 0.5177286776
 4 1 1 4 0.5177286776
 1 4 1 4 0.5177286776
 4 2 0 0 -0.7683900975
 2 4 0 0 -0.7683900975
 4 2 0 0 -0.7683900975
 2 4 0 0 -0.7683900975
 0 0 4 2 -0.7683900975
 0 0 2 4 -0.7683900975
 0 0 4 2 -0.7683900975
 0 0 2 4 -0.7683900975
 4 2 1 1 -0.1271515299
 2 4 1 1 -0.1271515299
 4 2 1 1 -0.1271515299
 2 4 1 1 -0.1271515299
 1 1 4 2 -0.1271515299
 1 1 2 4 -0.1271515299
 1 1 4 2 -0.1271515299
 1 1 2 4 -0.1271515299
 4 2 2 0 0.6148273759
 2 4 2 0 0.6148273759
 4 2 0 2 0.6148273759
 2 4 0 2 0.6148273759
 2 0 4 2 0.6148273759
 2 0 2 4 0.6148273759
 0 2 4 2 0.6148273759
 0 2 2 4 0.6148273759
 4 2 2 2 -0.1052977917
 2 4 2 2 -0.1052977917
 4 2 2 2 -0.1052977917
 2 4 2 2 -0.1052977917
 2 2 4 2 -0.1052977917
 2 2 2 4 -0.1052977917
 2 2 4 2 -0.1052977917
 2 2 2 4 -0.1052977917
 4 2 3 1 -0.5683547636
 2 4 3 1 -0.5683547636
 4 2 1 3 -0.5683547636
 2 4 1 3 -0.5683547636
 3 1 4 2 -0.5683547636
 3 1 2 4 -0.5683547636
 1 3 4 2 -0.5683547636
 1 3 2 4 -0.5683547636
 4 2 3 3 -0.3788990796
 2 4 3 3 -0.3788990796
 4 2 3 3 -0.3788990796
 2 4 3 3 -0.3788990796
 3 3 4 2 -0.3788990796
 3 3 2 4 -0.3788990796
 3 3 4 2 -0.3788990796
 3 3 2 4 -0.3788990796
 4 2 4 0 -0.1311563884
 2 4 4 0 -0.1311563884
 4 2 0 4 -0.1311563884
 2 4 0 4 -0.1311563884
 4 0 4 2 -0.1311563884
 4 0 2 4 -0.1311563884
 0 4 4 2 -0.1311563884
 0 4 2 4 -0.1311563884
 4 2 4 2 0.6322254951
 2 4 4 2 0.6322254951
 4 2 2 4 0.6322254951
 2 4 2 4 0.6322254951
 4 3 1 0 -0.8647042991
 3 4 1 0 -0.8647042991
 4 3 0 1 -0.8647042991
 3 4 0 1 -0.8647042991
 1 0 4 3 -0.8647042991
 1 0 3 4 -0.8647042991
 0 1 4 3 -0.8647042991
 0 1 3 4 -0.8647042991
 4 3 2 1 -0.7618620980
 3 4 2 1 -0.7618620980
 4 3 1 2 -0.7618620980
 3 4 1 2 -0.7618620980
 2 1 4 3 -0.7618620980
 2 1 3 4 -0.7618620980
 1 2 4 3 -0.7618620980
 1 2 3 4 -0.7618620980
 4 3 3 0 -0.1001930408
 3 4 3 0 -0.1001930408
 4 3 0 3 -0.1001930408
 3 4 0 3 -0.1001930408
 3 0 4 3 -0.1001930408
 3 0 3 4 -0.1001930408
 0 3 4 3 -0.1001930408
 0 3 3 4 -0.1001930408
 4 3 3 2 0.7952793089
 3 4 3 2 0.7952793089
 4 3 2 3 0.7952793089
 3 4 2 3 0.7952793089
 3 2 4 3 0.7952793089
 3 2 3 4 0.7952793089
 2 3 4 3 0.7952793089
 2 3 3 4 0.7952793089
 4 3 4 1 0.1914719784
 3 4 4 1 0.1914719784
 4 3 1 4 0.1914719784
 3 4 1 4 0.1914719784
 4 1 4 3 0.1914719784
 4 1 3 4 0.1914719784
 1 4 4 3 0.1914719784
 1 4 3 4 0.1914719784
 4 3 4 3 0.7975360189
 3 4 4 3 0.7975360189
 4 3 3 4 0.7975360189
 3 4 3 4 0.7975360189
 4 4 0 0 5.7220971952
 0 0 4 4 5.7220971952
 4 4 1 1 5.1719075809
 1 1 4 4 5.1719075809
 4 4 2 0 -0.5402043445
 4 4 2 0 -0.5402043445
 4 4 0 2 -0.5402043445
 4 4 0 2 -0.5402043445
 2 0 4 4 -0.5402043445
 2 0 4 4 -0.5402043445
 0 2 4 4 -0.5402043445
 0 2 4 4 -0.5402043445
 4 4 2 2 5.0677317259
 2 2 4 4 5.0677317259
 4 4 3 1 0.5926282379
 4 4 3 1 0.5926282379
 4 4 1 3 0.5926282379
 4 4 1 3 0.5926282379
 3 1 4 4 0.5926282379
 3 1 4 4 0.5926282379
 1 3 4 4 0.5926282379
 1 3 4 4 0.5926282379
 4 4 3 3 5.4733368044
 3 3 4 4 5.4733368044
 4 4 4 0 -0.0290642329
 4 4 4 0 -0.0290642329
 4 4 0 4 -0.0290642329
 4 4 0 4 -0.0290642329
 4 0 4 4 -0.0290642329
 4 0 4 4 -0.0290642329
 0 4 4 4 -0.0290642329
 0 4 4 4 -0.0290642329
 4 4 4 2 -0.3788990796
 4 4 4 2 -0.3788990796
 4 4 2 4 -0.3788990796
 4 4 2 4 -0.3788990796
 4 2 4 4 -0.3788990796
 4 2 4 4 -0.3788990796
 2 4 4 4 -0.3788990796
 2 4 4 4 -0.3788990796
 4 4 4 4 5.4733368044
 5 0 1 0 0.1263749704
 0 5 1 0 0.1263749704
 5 0 0 1 0.1263749704
 0 5 0 1 0.1263749704
 1 0 5 0 0.1263749704
 1 0 0 5 0.1263749704
 0 1 5 0 0.1263749704
 0 1 0 5 0.1263749704
 5 0 2 1 0.1830765583
 0 5 2 1 0.1830765583
 5 0 1 2 0.1830765583
 0 5 1 2 0.1830765583
 2 1 5 0 0.1830765583
 2 1 0 5 0.1830765583
 1 2 5 0 0.1830765583
 1 2 0 5 0.1830765583
 5 0 3 0 -0.0901557745
 0 5 3 0 -0.0901557745
 5 0 0 3 -0.0901557745
 0 5 0 3 -0.0901557745
 3 0 5 0 -0.0901557745
 3 0 0 5 -0.0901557745
 0 3 5 0 -0.0901557745
 0 3 0 5 -0.0901557745
 5 0 3 2 0.0325622504
 0 5 3 2 0.0325622504
 5 0 2 3 0.0325622504
 0 5 2 3 0.0325622504
 3 2 5 0 0.0325622504
 3 2 0 5 0.0325622504
 2 3 5 0 0.0325622504
 2 3 0 5 0.0325622504
 5 0 4 1 -0.2527960605
 0 5 4 1 -0.2527960605
 5 0 1 4 -0.2527960605
 0 5 1 4 -0.2527960605
 4 1 5 0 -0.2527960605
 4 1 0 5 -0.2527960605
 1 4 5 0 -0.2527960605
 1 4 0 5 -0.2527960605
 5 0 4 3 -0.1046215150
 0 5 4 3 -0.1046215150
 5 0 3 4 -0.1046215150
 0 5 3 4 -0.1046215150
 4 3 5 0 -0.1046215150
 4 3 0 5 -0.1046215150
 3 4 5 0 -0.1046215150
 3 4 0 5 -0.1046215150
 5 0 5 0 0.2870181222
 0 5 5 0 0.2870181222
 5 0 0 5 0.2870181222
 0 5 0 5 0.2870181222
 5 1 0 0 0.2008646285
 1 5 0 0 0.2008646285
 5 1 0 0 0.2008646285
 1 5 0 0 0.2008646285
 0 0 5 1 0.2008646285
 0 0 1 5 0.2008646285
 0 0 5 1 0.2008646285
 0 0 1 5 0.2008646285
 5 1 1 1 0.3322113332
 1 5 1 1 0.3322113332
 5 1 1 1 0.3322113332
 1 5 1 1 0.3322113332
 1 1 5 1 0.3322113332
 1 1 1 5 0.3322113332
 1 1 5 1 0.3322113332
 1 1 1 5 0.3322113332
 5 1 2 0 0.1257172105
 1 5 2 0 0.1257172105
 5 1 0 2 0.1257172105
 1 5 0 2 0.1257172105
 2 0 5 1 0.1257172105
 2 0 1 5 0.1257172105
 0 2 5 1 0.1257172105
 0 2 1 5 0.1257172105
 5 1 2 2 0.0818399555
 1 5 2 2 0.0818399555
 5 1 2 2 0.0818399555
 1 5 2 2 0.0818399555
 2 2 5 1 0.0818399555
 2 2 1 5 0.0818399555
 2 2 5 1 0.0818399555
 2 2 1 5 0.0818399555
 5 1 3 1 0.0744418242
 1 5 3 1 0.0744418242
 5 1 1 3 0.0744418242
 1 5 1 3 0.0744418242
 3 1 5 1 0.0744418242
 3 1 1 5 0.0744418242
 1 3 5 1 0.0744418242
 1 3 1 5 0.0744418242
 5 1 3 3 0.0814290902
 1 5 3 3 0.0814290902
 5 1 3 3 0.0814290902
 1 5 3 3 0.0814290902
 3 3 5 1 0.0814290902
 3 3 1 5 0.0814290902
 3 3 5 1 0.0814290902
 3 3 1 5 0.0814290902
 5 1 4 0 -0.3443853878
 1 5 4 0 -0.3443853878
 5 1 0 4 -0.3443853878
 1 5 0 4 -0.3443853878
 4 0 5 1 -0.3443853878
 4 0 1 5 -0.3443853878
 0 4 5 1 -0.3443853878
 0 4 1 5 -0.3443853878
 5 1 4 2 -0.1861647198
 1 5 4 2 -0.1861647198
 5 1 2 4 -0.1861647198
 1 5 2 4 -0.1861647198
 4 2 5 1 -0.1861647198
 4 2 1 5 -0.1861647198
 2 4 5 1 -0.1861647198
 2 4 1 5 -0.1861647198
 5 1 4 4 0.0814290902
 1 5 4 4 0.0814290902
 5 1 4 4 0.0814290902
 1 5 4 4 0.0814290902
 4 4 5 1 0.0814290902
 4 4 1 5 0.0814290902
 4 4 5 1 0.0814290902
 4 4 1 5 0.0814290902
 5 1 5 1 0.4579922149
 1 5 5 1 0.4579922149
 5 1 1 5 0.4579922149
 1 5 1 5 0.4579922149
 5 2 1 0 0.2248485382
 2 5 1 0 0.2248485382
 5 2 0 1 0.2248485382
 2 5 0 1 0.2248485382
 1 0 5 2 0.2248485382
 1 0 2 5 0.2248485382
 0 1 5 2 0.2248485382
 0 1 2 5 0.2248485382
 5 2 2 1 -0.1976950719
 2 5 2 1 -0.1976950719
 5 2 1 2 -0.1976950719
 2 5 1 2 -0.1976950719
 2 1 5 2 -0.1976950719
 2 1 2 5 -0.1976950719
 1 2 5 2 -0.1976950719
 1 2 2 5 -0.1976950719
 5 2 3 0 0.3855904663
 2 5 3 0 0.3855904663
 5 2 0 3 0.3855904663
 2 5 0 3 0.3855904663
 3 0 5 2 0.3855904663
 3 0 2 5 0.3855904663
 0 3 5 2 0.3855904663
 0 3 2 5 0.3855904663
 5 2 3 2 0.0317378026
 2 5 3 2 0.0317378026
 5 2 2 3 0.0317378026
 2 5 2 3 0.0317378026
 3 2 5 2 0.0317378026
 3 2 2 5 0.0317378026
 2 3 5 2 0.0317378026
 2 3 2 5 0.0317378026
 5 2 4 1 -0.3685299481
 2 5 4 1 -0.3685299481
 5 2 1 4 -0.3685299481
 2 5 1 4 -0.3685299481
 4 1 5 2 -0.3685299481
 4 1 2 5 -0.3685299481
 1 4 5 2 -0.3685299481
 1 4 2 5 -0.3685299481
 5 2 4 3 0.2812850236
 2 5 4 3 0.2812850236
 5 2 3 4 0.2812850236
 2 5 3 4 0.2812850236
 4 3 5 2 0.2812850236
 4 3 2 5 0.2812850236
 3 4 5 2 0.2812850236
 3 4 2 5 0.2812850236
 5 2 5 0 0.1203571336
 2 5 5 0 0.1203571336
 5 2 0 5 0.1203571336
 2 5 0 5 0.1203571336
 5 0 5 2 0.1203571336
 5 0 2 5 0.1203571336
 0 5 5 2 0.1203571336
 0 5 2 5 0.1203571336
 5 2 5 2 0.6257618371
 2 5 5 2 0.6257618371
 5 2 2 5 0.6257618371
 2 5 2 5 0.6257618371
 5 3 0 0 -0.7683900975
 3 5 0 0 -0.7683900975
 5 3 0 0 -0.7683900975
 3 5 0 0 -0.7683900975
 0 0 5 3 -0.7683900975
 0 0 3 5 -0.7683900975
 0 0 5 3 -0.7683900975
 0 0 3 5 -0.7683900975
 5 3 1 1 -0.1271515299
 3 5 1 1 -0.1271515299
 5 3 1 1 -0.1271515299
 3 5 1 1 -0.1271515299
 1 1 5 3 -0.1271515299
 1 1 3 5 -0.1271515299
 1 1 5 3 -0.1271515299
 1 1 3 5 -0.1271515299
 5 3 2 0 0.6148273759
 3 5 2 0 0.6148273759
 5 3 0 2 0.6148273759
 3 5 0 2 0.6148273759
 2 0 5 3 0.6148273759
 2 0 3 5 0.6148273759
 0 2 5 3 0.6148273759
 0 2 3 5 0.6148273759
 5 3 2 2 -0.1052977917
 3 5 2 2 -0.1052977917
 5 3 2 2 -0.1052977917
 3 5 2 2 -0.1052977917
 2 2 5 3 -0.1052977917
 2 2 3 5 -0.1052977917
 2 2 5 3 -0.1052977917
 2 2 3 5 -0.1052977917
 5 3 3 1 -0.5683547636
 3 5 3 1 -0.5683547636
 5 3 1 3 -0.5683547636
 3 5 1 3 -0.5683547636
 3 1 5 3 -0.5683547636
 3 1 3 5 -0.5683547636
 1 3 5 3 -0.5683547636
 1 3 3 5 -0.5683547636
 5 3 3 3 -0.3788990796
 3 5 3 3 -0.3788990796
 5 3 3 3 -0.3788990796
 3 5 3 3 -0.3788990796
 3 3 5 3 -0.3788990796
 3 3 3 5 -0.3788990796
 3 3 5 3 -0.3788990796
 3 3 3 5 -0.3788990796
 5 3 4 0 -0.1311563884
 3 5 4 0 -0.1311563884
 5 3 0 4 -0.1311563884
 3 5 0 4 -0.1311563884
 4 0 5 3 -0.1311563884
 4 0 3 5 -0.1311563884
 0 4 5 3 -0.1311563884
 0 4 3 5 -0.1311563884
 5 3 4 2 0.6322254951
 3 5 4 2 0.6322254951
 5 3 2 4 0.6322254951
 3 5 2 4 0.6322254951
 4 2 5 3 0.6322254951
 4 2 3 5 0.6322254951
 2 4 5 3 0.6322254951
 2 4 3 5 0.6322254951
 5 3 4 4 -0.3788990796
 3 5 4 4 -0.3788990796
 5 3 4 4 -0.3788990796
 3 5 4 4 -0.3788990796
 4 4 5 3 -0.3788990796
 4 4 3 5 -0.3788990796
 4 4 5 3 -0.3788990796
 4 4 3 5 -0.3788990796
 5 3 5 1 -0.1861647198
 3 5 5 1 -0.1861647198
 5 3 1 5 -0.1861647198
 3 5 1 5 -0.1861647198
 5 1 5 3 -0.1861647198
 5 1 3 5 -0.1861647198
 1 5 5 3 -0.1861647198
 1 5 3 5 -0.1861647198
 5 3 5 3 0.6322254951
 3 5 5 3 0.6322254951
 5 3 3 5 0.6322254951
 3 5 3 5 0.6322254951
 5 4 1 0 -1.4839958765
 4 5 1 0 -1.4839958765
 5 4 0 1 -1.4839958765
 4 5 0 1 -1.4839958765
 1 0 5 4 -1.4839958765
 1 0 4 5 -1.4839958765
 0 1 5 4 -1.4839958765
 0 1 4 5 -1.4839958765
 5 4 2 1 -1.2666282075
 4 5 2 1 -1.2666282075
 5 4 1 2 -1.2666282075
 4 5 1 2 -1.2666282075
 2 1 5 4 -1.2666282075
 2 1 4 5 -1.2666282075
 1 2 5 4 -1.2666282075
 1 2 4 5 -1.2666282075
 5 4 3 0 -0.2395303142
 4 5 3 0 -0.2395303142
 5 4 0 3 -0.2395303142
 4 5 0 3 -0.2395303142
 3 0 5 4 -0.2395303142
 3 0 4 5 -0.2395303142
 0 3 5 4 -0.2395303142
 0 3 4 5 -0.2395303142
 5 4 3 2 1.4877426959
 4 5 3 2 1.4877426959
 5 4 2 3 1.4877426959
 4 5 2 3 1.4877426959
 3 2 5 4 1.4877426959
 3 2 4 5 1.4877426959
 2 3 5 4 1.4877426959
 2 3 4 5 1.4877426959
 5 4 4 1 0.1444178131
 4 5 4 1 0.1444178131
 5 4 1 4 0.1444178131
 4 5 1 4 0.1444178131
 4 1 5 4 0.1444178131
 4 1 4 5 0.1444178131
 1 4 5 4 0.1444178131
 1 4 4 5 0.1444178131
 5 4 4 3 0.7952793089
 4 5 4 3 0.7952793089
 5 4 3 4 0.7952793089
 4 5 3 4 0.7952793089
 4 3 5 4 0.7952793089
 4 3 4 5 0.7952793089
 3 4 5 4 0.7952793089
 3 4 4 5 0.7952793089
 5 4 5 0 0.0325622504
 4 5 5 0 0.0325622504
 5 4 0 5 0.0325622504
 4 5 0 5 0.0325622504
 5 0 5 4 0.0325622504
 5 0 4 5 0.0325622504
 0 5 5 4 0.0325622504
 0 5 4 5 0.0325622504
 5 4 5 2 0.0317378026
 4 5 5 2 0.0317378026
 5 4 2 5 0.0317378026
 4 5 2 5 0.0317378026
 5 2 5 4 0.0317378026
 5 2 4 5 0.0317378026
 2 5 5 4 0.0317378026
 2 5 4 5 0.0317378026
 5 4 5 4 1.4877426959
 4 5 5 4 1.4877426959
 5 4 4 5 1.4877426959
 4 5 4 5 1.4877426959
 5 5 0 0 5.1243858702
 0 0 5 5 5.1243858702
 5 5 1 1 5.1377054189
 1 1 5 5 5.1377054189
 5 5 2 0 0.0198738597
 5 5 2 0 0.0198738597
 5 5 0 2 0.0198738597
 5 5 0 2 0.0198738597
 2 0 5 5 0.0198738597
 2 0 5 5 0.0198738597
 0 2 5 5 0.0198738597
 0 2 5 5 0.0198738597
 5 5 2 2 5.1647233392
 2 2 5 5 5.1647233392
 5 5 3 1 -0.0547325549
 5 5 3 1 -0.0547325549
 5 5 1 3 -0.0547325549
 5 5 1 3 -0.0547325549
 3 1 5 5 -0.0547325549
 3 1 5 5 -0.0547325549
 1 3 5 5 -0.0547325549
 1 3 5 5 -0.0547325549
 5 5 3 3 5.0677317259
 3 3 5 5 5.0677317259
 5 5 4 0 0.0501282155
 5 5 4 0 0.0501282155
 5 5 0 4 0.0501282155
 5 5 0 4 0.0501282155
 4 0 5 5 0.0501282155
 4 0 5 5 0.0501282155
 0 4 5 5 0.0501282155
 0 4 5 5 0.0501282155
 5 5 4 2 -0.1052977917
 5 5 4 2 -0.1052977917
 5 5 2 4 -0.1052977917
 5 5 2 4 -0.1052977917
 4 2 5 5 -0.1052977917
 4 2 5 5 -0.1052977917
 2 4 5 5 -0.1052977917
 2 4 5 5 -0.1052977917
 5 5 4 4 5.0677317259
 4 4 5 5 5.0677317259
 5 5 5 1 0.0818399555
 5 5 5 1 0.0818399555
 5 5 1 5 0.0818399555
 5 5 1 5 0.0818399555
 5 1 5 5 0.0818399555
 5 1 5 5 0.0818399555
 1 5 5 5 0.0818399555
 1 5 5 5 0.0818399555
 5 5 5 3 -0.1052977917
 5 5 5 3 -0.1052977917
 5 5 3 5 -0.1052977917
 5 5 3 5 -0.1052977917
 5 3 5 5 -0.1052977917
 5 3 5 5 -0.1052977917
 3 5 5 5 -0.1052977917
 3 5 5 5 -0.1052977917
 5 5 5 5 5.1647233392
 6 0 0 0 0.0979467557
 0 6 0 0 0.0979467557
 6 0 0 0 0.0979467557
 0 6 0 0 0.0979467557
 0 0 6 0 0.0979467557
 0 0 0 6 0.0979467557
 0 0 6 0 0.0979467557
 0 0 0 6 0.0979467557
 6 0 1 1 0.0490486405
 0 6 1 1 0.0490486405
 6 0 1 1 0.0490486405
 0 6 1 1 0.0490486405
 1 1 6 0 0.0490486405
 1 1 0 6 0.0490486405
 1 1 6 0 0.0490486405
 1 1 0 6 0.0490486405
 6 0 2 0 -0.0331863162
 0 6 2 0 -0.0331863162
 6 0 0 2 -0.0331863162
 0 6 0 2 -0.0331863162
 2 0 6 0 -0.0331863162
 2 0 0 6 -0.0331863162
 0 2 6 0 -0.0331863162
 0 2 0 6 -0.0331863162
 6 0 2 2 0.1350709136
 0 6 2 2 0.1350709136
 6 0 2 2 0.1350709136
 0 6 2 2 0.1350709136
 2 2 6 0 0.1350709136
 2 2 0 6 0.1350709136
 2 2 6 0 0.1350709136
 2 2 0 6 0.1350709136
 6 0 3 1 -0.0666470269
 0 6 3 1 -0.0666470269
 6 0 1 3 -0.0666470269
 0 6 1 3 -0.0666470269
 3 1 6 0 -0.0666470269
 3 1 0 6 -0.0666470269
 1 3 6 0 -0.0666470269
 1 3 0 6 -0.0666470269
 6 0 3 3 -0.0277312493
 0 6 3 3 -0.0277312493
 6 0 3 3 -0.0277312493
 0 6 3 3 -0.0277312493
 3 3 6 0 -0.0277312493
 3 3 0 6 -0.0277312493
 3 3 6 0 -0.0277312493
 3 3 0 6 -0.0277312493
 6 0 4 0 0.1572658202
 0 6 4 0 0.1572658202
 6 0 0 4 0.1572658202
 0 6 0 4 0.1572658202
 4 0 6 0 0.1572658202
 4 0 0 6 0.1572658202
 0 4 6 0 0.1572658202
 0 4 0 6 0.1572658202
 6 0 4 2 -0.2307669598
 0 6 4 2 -0.2307669598
 6 0 2 4 -0.2307669598
 0 6 2 4 -0.2307669598
 4 2 6 0 -0.2307669598
 4 2 0 6 -0.2307669598
 2 4 6 0 -0.2307669598
 2 4 0 6 -0.2307669598
 6 0 4 4 -0.0277312493
 0 6 4 4 -0.0277312493
 6 0 4 4 -0.0277312493
 0 6 4 4 -0.0277312493
 4 4 6 0 -0.0277312493
 4 4 0 6 -0.0277312493
 4 4 6 0 -0.0277312493
 4 4 0 6 -0.0277312493
 6 0 5 1 0.1078899309
 0 6 5 1 0.1078899309
 6 0 1 5 0.1078899309
 0 6 1 5 0.1078899309
 5 1 6 0 0.1078899309
 5 1 0 6 0.1078899309
 1 5 6 0 0.1078899309
 1 5 0 6 0.1078899309
 6 0 5 3 -0.2307669598
 0 6 5 3 -0.2307669598
 6 0 3 5 -0.2307669598
 0 6 3 5 -0.2307669598
 5 3 6 0 -0.2307669598
 5 3 0 6 -0.2307669598
 3 5 6 0 -0.2307669598
 3 5 0 6 -0.2307669598
 6 0 5 5 0.1350709136
 0 6 5 5 0.1350709136
 6 0 5 5 0.1350709136
 0 6 5 5 0.1350709136
 5 5 6 0 0.1350709136
 5 5 0 6 0.1350709136
 5 5 6 0 0.1350709136
 5 5 0 6 0.1350709136
 6 0 6 0 0.2644313696
 0 6 6 0 0.2644313696
 6 0 0 6 0.2644313696
 0 6 0 6 0.2644313696
 6 1 1 0 -0.0035454449
 1 6 1 0 -0.0035454449
 6 1 0 1 -0.0035454449
 1 6 0 1 -0.0035454449
 1 0 6 1 -0.0035454449
 1 0 1 6 -0.0035454449
 0 1 6 1 -0.0035454449
 0 1 1 6 -0.0035454449
 6 1 2 1 0.1143920795
 1 6 2 1 0.1143920795
 6 1 1 2 0.1143920795
 1 6 1 2 0.1143920795
 2 1 6 1 0.1143920795
 2 1 1 6 0.1143920795
 1 2 6 1 0.1143920795
 1 2 1 6 0.1143920795
 6 1 3 0 -0.1324292471
 1 6 3 0 -0.1324292471
 6 1 0 3 -0.1324292471
 1 6 0 3 -0.1324292471
 3 0 6 1 -0.1324292471
 3 0 1 6 -0.1324292471
 0 3 6 1 -0.1324292471
 0 3 1 6 -0.1324292471
 6 1 3 2 0.0548501900
 1 6 3 2 0.0548501900
 6 1 2 3 0.0548501900
 1 6 2 3 0.0548501900
 3 2 6 1 0.0548501900
 3 2 1 6 0.0548501900
 2 3 6 1 0.0548501900
 2 3 1 6 0.0548501900
 6 1 4 1 -0.0847201203
 1 6 4 1 -0.0847201203
 6 1 1 4 -0.0847201203
 1 6 1 4 -0.0847201203
 4 1 6 1 -0.0847201203
 4 1 1 6 -0.0847201203
 1 4 6 1 -0.0847201203
 1 4 1 6 -0.0847201203
 6 1 4 3 0.2846027895
 1 6 4 3 0.2846027895
 6 1 3 4 0.2846027895
 1 6 3 4 0.2846027895
 4 3 6 1 0.2846027895
 4 3 1 6 0.2846027895
 3 4 6 1 0.2846027895
 3 4 1 6 0.2846027895
 6 1 5 0 0.1558998170
 1 6 5 0 0.1558998170
 6 1 0 5 0.1558998170
 1 6 0 5 0.1558998170
 5 0 6 1 0.1558998170
 5 0 1 6 0.1558998170
 0 5 6 1 0.1558998170
 0 5 1 6 0.1558998170
 6 1 5 2 0.3396786985
 1 6 5 2 0.3396786985
 6 1 2 5 0.3396786985
 1 6 2 5 0.3396786985
 5 2 6 1 0.3396786985
 5 2 1 6 0.3396786985
 2 5 6 1 0.3396786985
 2 5 1 6 0.3396786985
 6 1 5 4 0.0548501900
 1 6 5 4 0.0548501900
 6 1 4 5 0.0548501900
 1 6 4 5 0.0548501900
 5 4 6 1 0.0548501900
 5 4 1 6 0.0548501900
 4 5 6 1 0.0548501900
 4 5 1 6 0.0548501900
 6 1 6 1 0.4143906610
 1 6 6 1 0.4143906610
 6 1 1 6 0.4143906610
 1 6 1 6 0.4143906610
 6 2 0 0 0.2008646285
 2 6 0 0 0.2008646285
 6 2 0 0 0.2008646285
 2 6 0 0 0.2008646285
 0 0 6 2 0.2008646285
 0 0 2 6 0.2008646285
 0 0 6 2 0.2008646285
 0 0 2 6 0.2008646285
 6 2 1 1 0.3322113332
 2 6 1 1 0.3322113332
 6 2 1 1 0.3322113332
 2 6 1 1 0.3322113332
 1 1 6 2 0.3322113332
 1 1 2 6 0.3322113332
 1 1 6 2 0.3322113332
 1 1 2 6 0.3322113332
 6 2 2 0 0.1257172105
 2 6 2 0 0.1257172105
 6 2 0 2 0.1257172105
 2 6 0 2 0.1257172105
 2 0 6 2 0.1257172105
 2 0 2 6 0.1257172105
 0 2 6 2 0.1257172105
 0 2 2 6 0.1257172105
 6 2 2 2 0.0818399555
 2 6 2 2 0.0818399555
 6 2 2 2 0.0818399555
 2 6 2 2 0.0818399555
 2 2 6 2 0.0818399555
 2 2 2 6 0.0818399555
 2 2 6 2 0.0818399555
 2 2 2 6 0.0818399555
 6 2 3 1 0.0744418242
 2 6 3 1 0.0744418242
 6 2 1 3 0.0744418242
 2 6 1 3 0.0744418242
 3 1 6 2 0.0744418242
 3 1 2 6 0.0744418242
 1 3 6 2 0.0744418242
 1 3 2 6 0.0744418242
 6 2 3 3 0.0814290902
 2 6 3 3 0.0814290902
 6 2 3 3 0.0814290902
 2 6 3 3 0.0814290902
 3 3 6 2 0.0814290902
 3 3 2 6 0.0814290902
 3 3 6 2 0.0814290902
 3 3 2 6 0.0814290902
 6 2 4 0 -0.3443853878
 2 6 4 0 -0.3443853878
 6 2 0 4 -0.3443853878
 2 6 0 4 -0.3443853878
 4 0 6 2 -0.3443853878
 4 0 2 6 -0.3443853878
 0 4 6 2 -0.3443853878
 0 4 2 6 -0.3443853878
 6 2 4 2 -0.1861647198
 2 6 4 2 -0.1861647198
 6 2 2 4 -0.1861647198
 2 6 2 4 -0.1861647198
 4 2 6 2 -0.1861647198
 4 2 2 6 -0.1861647198
 2 4 6 2 -0.1861647198
 2 4 2 6 -0.1861647198
 6 2 4 4 0.0814290902
 2 6 4 4 0.0814290902
 6 2 4 4 0.0814290902
 2 6 4 4 0.0814290902
 4 4 6 2 0.0814290902
 4 4 2 6 0.0814290902
 4 4 6 2 0.0814290902
 4 4 2 6 0.0814290902
 6 2 5 1 0.4579922149
 2 6 5 1 0.4579922149
 6 2 1 5 0.4579922149
 2 6 1 5 0.4579922149
 5 1 6 2 0.4579922149
 5 1 2 6 0.4579922149
 1 5 6 2 0.4579922149
 1 5 2 6 0.4579922149
 6 2 5 3 -0.1861647198
 2 6 5 3 -0.1861647198
 6 2 3 5 -0.1861647198
 2 6 3 5 -0.1861647198
 5 3 6 2 -0.1861647198
 5 3 2 6 -0.1861647198
 3 5 6 2 -0.1861647198
 3 5 2 6 -0.1861647198
 6 2 5 5 0.0818399555
 2 6 5 5 0.0818399555
 6 2 5 5 0.0818399555
 2 6 5 5 0.0818399555
 5 5 6 2 0.0818399555
 5 5 2 6 0.0818399555
 5 5 6 2 0.0818399555
 5 5 2 6 0.0818399555
 6 2 6 0 0.1078899309
 2 6 6 0 0.1078899309
 6 2 0 6 0.1078899309
 2 6 0 6 0.1078899309
 6 0 6 2 0.1078899309
 6 0 2 6 0.1078899309
 0 6 6 2 0.1078899309
 0 6 2 6 0.1078899309
 6 2 6 2 0.4579922149
 2 6 6 2 0.4579922149
 6 2 2 6 0.4579922149
 2 6 2 6 0.4579922149
 6 3 1 0 -0.4835477532
 3 6 1 0 -0.4835477532
 6 3 0 1 -0.4835477532
 3 6 0 1 -0.4835477532
 1 0 6 3 -0.4835477532
 1 0 3 6 -0.4835477532
 0 1 6 3 -0.4835477532
 0 1 3 6 -0.4835477532
 6 3 2 1 -0.0426046032
 3 6 2 1 -0.0426046032
 6 3 1 2 -0.0426046032
 3 6 1 2 -0.0426046032
 2 1 6 3 -0.0426046032
 2 1 3 6 -0.0426046032
 1 2 6 3 -0.0426046032
 1 2 3 6 -0.0426046032
 6 3 3 0 -0.3900399406
 3 6 3 0 -0.3900399406
 6 3 0 3 -0.3900399406
 3 6 0 3 -0.3900399406
 3 0 6 3 -0.3900399406
 3 0 3 6 -0.3900399406
 0 3 6 3 -0.3900399406
 0 3 3 6 -0.3900399406
 6 3 3 2 0.1444178131
 3 6 3 2 0.1444178131
 6 3 2 3 0.1444178131
 3 6 2 3 0.1444178131
 3 2 6 3 0.1444178131
 3 2 3 6 0.1444178131
 2 3 6 3 0.1444178131
 2 3 3 6 0.1444178131
 6 3 4 1 0.5177286776
 3 6 4 1 0.5177286776
 6 3 1 4 0.5177286776
 3 6 1 4 0.5177286776
 4 1 6 3 0.5177286776
 4 1 3 6 0.5177286776
 1 4 6 3 0.5177286776
 1 4 3 6 0.5177286776
 6 3 4 3 0.1914719784
 3 6 4 3 0.1914719784
 6 3 3 4 0.1914719784
 3 6 3 4 0.1914719784
 4 3 6 3 0.1914719784
 4 3 3 6 0.1914719784
 3 4 6 3 0.1914719784
 3 4 3 6 0.1914719784
 6 3 5 0 -0.2527960605
 3 6 5 0 -0.2527960605
 6 3 0 5 -0.2527960605
 3 6 0 5 -0.2527960605
 5 0 6 3 -0.2527960605
 5 0 3 6 -0.2527960605
 0 5 6 3 -0.2527960605
 0 5 3 6 -0.2527960605
 6 3 5 2 -0.3685299481
 3 6 5 2 -0.3685299481
 6 3 2 5 -0.3685299481
 3 6 2 5 -0.3685299481
 5 2 6 3 -0.3685299481
 5 2 3 6 -0.3685299481
 2 5 6 3 -0.3685299481
 2 5 3 6 -0.3685299481
 6 3 5 4 0.1444178131
 3 6 5 4 0.1444178131
 6 3 4 5 0.1444178131
 3 6 4 5 0.1444178131
 5 4 6 3 0.1444178131
 5 4 3 6 0.1444178131
 4 5 6 3 0.1444178131
 4 5 3 6 0.1444178131
 6 3 6 1 -0.0847201203
 3 6 6 1 -0.0847201203
 6 3 1 6 -0.0847201203
 3 6 1 6 -0.0847201203
 6 1 6 3 -0.0847201203
 6 1 3 6 -0.0847201203
 1 6 6 3 -0.0847201203
 1 6 3 6 -0.0847201203
 6 3 6 3 0.5177286776
 3 6 6 3 0.5177286776
 6 3 3 6 0.5177286776
 3 6 3 6 0.5177286776
 6 4 0 0 0.9671670109
 4 6 0 0 0.9671670109
 6 4 0 0 0.9671670109
 4 6 0 0 0.9671670109
 0 0 6 4 0.9671670109
 0 0 4 6 0.9671670109
 0 0 6 4 0.9671670109
 0 0 4 6 0.9671670109
 6 4 1 1 0.0862971336
 4 6 1 1 0.0862971336
 6 4 1 1 0.0862971336
 4 6 1 1 0.0862971336
 1 1 6 4 0.0862971336
 1 1 4 6 0.0862971336
 1 1 6 4 0.0862971336
 1 1 4 6 0.0862971336
 6 4 2 0 -0.8651588780
 4 6 2 0 -0.8651588780
 6 4 0 2 -0.8651588780
 4 6 0 2 -0.8651588780
 2 0 6 4 -0.8651588780
 2 0 4 6 -0.8651588780
 0 2 6 4 -0.8651588780
 0 2 4 6 -0.8651588780
 6 4 2 2 -0.0547325549
 4 6 2 2 -0.0547325549
 6 4 2 2 -0.0547325549
 4 6 2 2 -0.0547325549
 2 2 6 4 -0.0547325549
 2 2 4 6 -0.0547325549
 2 2 6 4 -0.0547325549
 2 2 4 6 -0.0547325549
 6 4 3 1 0.9304932542
 4 6 3 1 0.9304932542
 6 4 1 3 0.9304932542
 4 6 1 3 0.9304932542
 3 1 6 4 0.9304932542
 3 1 4 6 0.9304932542
 1 3 6 4 0.9304932542
 1 3 4 6 0.9304932542
 6 4 3 3 0.5926282379
 4 6 3 3 0.5926282379
 6 4 3 3 0.5926282379
 4 6 3 3 0.5926282379
 3 3 6 4 0.5926282379
 3 3 4 6 0.5926282379
 3 3 6 4 0.5926282379
 3 3 4 6 0.5926282379
 6 4 4 0 -0.0152703643
 4 6 4 0 -0.0152703643
 6 4 0 4 -0.0152703643
 4 6 0 4 -0.0152703643
 4 0 6 4 -0.0152703643
 4 0 4 6 -0.0152703643
 0 4 6 4 -0.0152703643
 0 4 4 6 -0.0152703643
 6 4 4 2 -0.5683547636
 4 6 4 2 -0.5683547636
 6 4 2 4 -0.5683547636
 4 6 2 4 -0.5683547636
 4 2 6 4 -0.5683547636
 4 2 4 6 -0.5683547636
 2 4 6 4 -0.5683547636
 2 4 4 6 -0.5683547636
 6 4 4 4 0.5926282379
 4 6 4 4 0.5926282379
 6 4 4 4 0.5926282379
 4 6 4 4 0.5926282379
 4 4 6 4 0.5926282379
 4 4 4 6 0.5926282379
 4 4 6 4 0.5926282379
 4 4 4 6 0.5926282379
 6 4 5 1 0.0744418242
 4 6 5 1 0.0744418242
 6 4 1 5 0.0744418242
 4 6 1 5 0.0744418242
 5 1 6 4 0.0744418242
 5 1 4 6 0.0744418242
 1 5 6 4 0.0744418242
 1 5 4 6 0.0744418242
 6 4 5 3 -0.5683547636
 4 6 5 3 -0.5683547636
 6 4 3 5 -0.5683547636
 4 6 3 5 -0.5683547636
 5 3 6 4 -0.5683547636
 5 3 4 6 -0.5683547636
 3 5 6 4 -0.5683547636
 3 5 4 6 -0.5683547636
 6 4 5 5 -0.0547325549
 4 6 5 5 -0.0547325549
 6 4 5 5 -0.0547325549
 4 6 5 5 -0.0547325549
 5 5 6 4 -0.0547325549
 5 5 4 6 -0.0547325549
 5 5 6 4 -0.0547325549
 5 5 4 6 -0.0547325549
 6 4 6 0 -0.0666470269
 4 6 6 0 -0.0666470269
 6 4 0 6 -0.0666470269
 4 6 0 6 -0.0666470269
 6 0 6 4 -0.0666470269
 6 0 4 6 -0.0666470269
 0 6 6 4 -0.0666470269
 0 6 4 6 -0.0666470269
 6 4 6 2 0.0744418242
 4 6 6 2 0.0744418242
 6 4 2 6 0.0744418242
 4 6 2 6 0.0744418242
 6 2 6 4 0.0744418242
 6 2 4 6 0.0744418242
 2 6 6 4 0.0744418242
 2 6 4 6 0.0744418242
 6 4 6 4 0.9304932542
 4 6 6 4 0.9304932542
 6 4 4 6 0.9304932542
 4 6 4 6 0.9304932542
 6 5 1 0 1.1872904552
 5 6 1 0 1.1872904552
 6 5 0 1 1.1872904552
 5 6 0 1 1.1872904552
 1 0 6 5 1.1872904552
 1 0 5 6 1.1872904552
 0 1 6 5 1.1872904552
 0 1 5 6 1.1872904552
 6 5 2 1 1.4964402253
 5 6 2 1 1.4964402253
 6 5 1 2 1.4964402253
 5 6 1 2 1.4964402253
 2 1 6 5 1.4964402253
 2 1 5 6 1.4964402253
 1 2 6 5 1.4964402253
 1 2 5 6 1.4964402253
 6 5 3 0 -0.2914967443
 5 6 3 0 -0.2914967443
 6 5 0 3 -0.2914967443
 5 6 0 3 -0.2914967443
 3 0 6 5 -0.2914967443
 3 0 5 6 -0.2914967443
 0 3 6 5 -0.2914967443
 0 3 5 6 -0.2914967443
 6 5 3 2 -1.2666282075
 5 6 3 2 -1.2666282075
 6 5 2 3 -1.2666282075
 5 6 2 3 -1.2666282075
 3 2 6 5 -1.2666282075
 3 2 5 6 -1.2666282075
 2 3 6 5 -1.2666282075
 2 3 5 6 -1.2666282075
 6 5 4 1 -0.0426046032
 5 6 4 1 -0.0426046032
 6 5 1 4 -0.0426046032
 5 6 1 4 -0.0426046032
 4 1 6 5 -0.0426046032
 4 1 5 6 -0.0426046032
 1 4 6 5 -0.0426046032
 1 4 5 6 -0.0426046032
 6 5 4 3 -0.7618620980
 5 6 4 3 -0.7618620980
 6 5 3 4 -0.7618620980
 5 6 3 4 -0.7618620980
 4 3 6 5 -0.7618620980
 4 3 5 6 -0.7618620980
 3 4 6 5 -0.7618620980
 3 4 5 6 -0.7618620980
 6 5 5 0 0.1830765583
 5 6 5 0 0.1830765583
 6 5 0 5 0.1830765583
 5 6 0 5 0.1830765583
 5 0 6 5 0.1830765583
 5 0 5 6 0.1830765583
 0 5 6 5 0.1830765583
 0 5 5 6 0.1830765583
 6 5 5 2 -0.1976950719
 5 6 5 2 -0.1976950719
 6 5 2 5 -0.1976950719
 5 6 2 5 -0.1976950719
 5 2 6 5 -0.1976950719
 5 2 5 6 -0.1976950719
 2 5 6 5 -0.1976950719
 2 5 5 6 -0.1976950719
 6 5 5 4 -1.2666282075
 5 6 5 4 -1.2666282075
 6 5 4 5 -1.2666282075
 5 6 4 5 -1.2666282075
 5 4 6 5 -1.2666282075
 5 4 5 6 -1.2666282075
 4 5 6 5 -1.2666282075
 4 5 5 6 -1.2666282075
 6 5 6 1 0.1143920795
 5 6 6 1 0.1143920795
 6 5 1 6 0.1143920795
 5 6 1 6 0.1143920795
 6 1 6 5 0.1143920795
 6 1 5 6 0.1143920795
 1 6 6 5 0.1143920795
 1 6 5 6 0.1143920795
 6 5 6 3 -0.0426046032
 5 6 6 3 -0.0426046032
 6 5 3 6 -0.0426046032
 5 6 3 6 -0.0426046032
 6 3 6 5 -0.0426046032
 6 3 5 6 -0.0426046032
 3 6 6 5 -0.0426046032
 3 6 5 6 -0.0426046032
 6 5 6 5 1.4964402253
 5 6 6 5 1.4964402253
 6 5 5 6 1.4964402253
 5 6 5 6 1.4964402253
 6 6 0 0 5.2562671101
 0 0 6 6 5.2562671101
 6 6 1 1 5.3382573018
 1 1 6 6 5.3382573018
 6 6 2 0 0.0763848880
 6 6 2 0 0.0763848880
 6 6 0 2 0.0763848880
 6 6 0 2 0.0763848880
 2 0 6 6 0.0763848880
 2 0 6 6 0.0763848880
 0 2 6 6 0.0763848880
 0 2 6 6 0.0763848880
 6 6 2 2 5.1377054189
 2 2 6 6 5.1377054189
 6 6 3 1 0.0862971336
 6 6 3 1 0.0862971336
 6 6 1 3 0.0862971336
 6 6 1 3 0.0862971336
 3 1 6 6 0.0862971336
 3 1 6 6 0.0862971336
 1 3 6 6 0.0862971336
 1 3 6 6 0.0862971336
 6 6 3 3 5.1719075809
 3 3 6 6 5.1719075809
 6 6 4 0 -0.2758521191
 6 6 4 0 -0.2758521191
 6 6 0 4 -0.2758521191
 6 6 0 4 -0.2758521191
 4 0 6 6 -0.2758521191
 4 0 6 6 -0.2758521191
 0 4 6 6 -0.2758521191
 0 4 6 6 -0.2758521191
 6 6 4 2 -0.1271515299
 6 6 4 2 -0.1271515299
 6 6 2 4 -0.1271515299
 6 6 2 4 -0.1271515299
 4 2 6 6 -0.1271515299
 4 2 6 6 -0.1271515299
 2 4 6 6 -0.1271515299
 2 4 6 6 -0.1271515299
 6 6 4 4 5.1719075809
 4 4 6 6 5.1719075809
 6 6 5 1 0.3322113332
 6 6 5 1 0.3322113332
 6 6 1 5 0.3322113332
 6 6 1 5 0.3322113332
 5 1 6 6 0.3322113332
 5 1 6 6 0.3322113332
 1 5 6 6 0.3322113332
 1 5 6 6 0.3322113332
 6 6 5 3 -0.1271515299
 6 6 5 3 -0.1271515299
 6 6 3 5 -0.1271515299
 6 6 3 5 -0.1271515299
 5 3 6 6 -0.1271515299
 5 3 6 6 -0.1271515299
 3 5 6 6 -0.1271515299
 3 5 6 6 -0.1271515299
 6 6 5 5 5.1377054189
 5 5 6 6 5.1377054189
 6 6 6 0 0.0490486405
 6 6 6 0 0.0490486405
 6 6 0 6 0.0490486405
 6 6 0 6 0.0490486405
 6 0 6 6 0.0490486405
 6 0 6 6 0.0490486405
 0 6 6 6 0.0490486405
 0 6 6 6 0.0490486405
 6 6 6 2 0.3322113332
 6 6 6 2 0.3322113332
 6 6 2 6 0.3322113332
 6 6 2 6 0.3322113332
 6 2 6 6 0.3322113332
 6 2 6 6 0.3322113332
 2 6 6 6 0.3322113332
 2 6 6 6 0.3322113332
 6 6 6 4 0.0862971336
 6 6 6 4 0.0862971336
 6 6 4 6 0.0862971336
 6 6 4 6 0.0862971336
 6 4 6 6 0.0862971336
 6 4 6 6 0.0862971336
 4 6 6 6 0.0862971336
 4 6 6 6 0.0862971336
 6 6 6 6 5.3382573018
 7 0 1 0 0.0469334152
 0 7 1 0 0.0469334152
 7 0 0 1 0.0469334152
 0 7 0 1 0.0469334152
 1 0 7 0 0.0469334152
 1 0 0 7 0.0469334152
 0 1 7 0 0.0469334152
 0 1 0 7 0.0469334152
 7 0 2 1 0.0273642845
 0 7 2 1 0.0273642845
 7 0 1 2 0.0273642845
 0 7 1 2 0.0273642845
 2 1 7 0 0.0273642845
 2 1 0 7 0.0273642845
 1 2 7 0 0.0273642845
 1 2 0 7 0.0273642845
 7 0 3 0 0.0009878325
 0 7 3 0 0.0009878325
 7 0 0 3 0.0009878325
 0 7 0 3 0.0009878325
 3 0 7 0 0.0009878325
 3 0 0 7 0.0009878325
 0 3 7 0 0.0009878325
 0 3 0 7 0.0009878325
 7 0 3 2 0.0483713514
 0 7 3 2 0.0483713514
 7 0 2 3 0.0483713514
 0 7 2 3 0.0483713514
 3 2 7 0 0.0483713514
 3 2 0 7 0.0483713514
 2 3 7 0 0.0483713514
 2 3 0 7 0.0483713514
 7 0 4 1 -0.1439573183
 0 7 4 1 -0.1439573183
 7 0 1 4 -0.1439573183
 0 7 1 4 -0.1439573183
 4 1 7 0 -0.1439573183
 4 1 0 7 -0.1439573183
 1 4 7 0 -0.1439573183
 1 4 0 7 -0.1439573183
 7 0 4 3 -0.3516259401
 0 7 4 3 -0.3516259401
 7 0 3 4 -0.3516259401
 0 7 3 4 -0.3516259401
 4 3 7 0 -0.3516259401
 4 3 0 7 -0.3516259401
 3 4 7 0 -0.3516259401
 3 4 0 7 -0.3516259401
 7 0 5 0 0.1338816046
 0 7 5 0 0.1338816046
 7 0 0 5 0.1338816046
 0 7 0 5 0.1338816046
 5 0 7 0 0.1338816046
 5 0 0 7 0.1338816046
 0 5 7 0 0.1338816046
 0 5 0 7 0.1338816046
 7 0 5 2 -0.2349687757
 0 7 5 2 -0.2349687757
 7 0 2 5 -0.2349687757
 0 7 2 5 -0.2349687757
 5 2 7 0 -0.2349687757
 5 2 0 7 -0.2349687757
 2 5 7 0 -0.2349687757
 2 5 0 7 -0.2349687757
 7 0 5 4 0.0483713514
 0 7 5 4 0.0483713514
 7 0 4 5 0.0483713514
 0 7 4 5 0.0483713514
 5 4 7 0 0.0483713514
 5 4 0 7 0.0483713514
 4 5 7 0 0.0483713514
 4 5 0 7 0.0483713514
 7 0 6 1 -0.2520073831
 0 7 6 1 -0.2520073831
 7 0 1 6 -0.2520073831
 0 7 1 6 -0.2520073831
 6 1 7 0 -0.2520073831
 6 1 0 7 -0.2520073831
 1 6 7 0 -0.2520073831
 1 6 0 7 -0.2520073831
 7 0 6 3 -0.1439573183
 0 7 6 3 -0.1439573183
 7 0 3 6 -0.1439573183
 0 7 3 6 -0.1439573183
 6 3 7 0 -0.1439573183
 6 3 0 7 -0.1439573183
 3 6 7 0 -0.1439573183
 3 6 0 7 -0.1439573183
 7 0 6 5 0.0273642845
 0 7 6 5 0.0273642845
 7 0 5 6 0.0273642845
 0 7 5 6 0.0273642845
 6 5 7 0 0.0273642845
 6 5 0 7 0.0273642845
 5 6 7 0 0.0273642845
 5 6 0 7 0.0273642845
 7 0 7 0 0.3867545238
 0 7 7 0 0.3867545238
 7 0 0 7 0.3867545238
 0 7 0 7 0.3867545238
 7 1 0 0 -0.0979467557
 1 7 0 0 -0.0979467557
 7 1 0 0 -0.0979467557
 1 7 0 0 -0.0979467557
 0 0 7 1 -0.0979467557
 0 0 1 7 -0.0979467557
 0 0 7 1 -0.0979467557
 0 0 1 7 -0.0979467557
 7 1 1 1 -0.0490486405
 1 7 1 1 -0.0490486405
 7 1 1 1 -0.0490486405
 1 7 1 1 -0.0490486405
 1 1 7 1 -0.0490486405
 1 1 1 7 -0.0490486405
 1 1 7 1 -0.0490486405
 1 1 1 7 -0.0490486405
 7 1 2 0 0.0331863162
 1 7 2 0 0.0331863162
 7 1 0 2 0.0331863162
 1 7 0 2 0.0331863162
 2 0 7 1 0.0331863162
 2 0 1 7 0.0331863162
 0 2 7 1 0.0331863162
 0 2 1 7 0.0331863162
 7 1 2 2 -0.1350709136
 1 7 2 2 -0.1350709136
 7 1 2 2 -0.1350709136
 1 7 2 2 -0.1350709136
 2 2 7 1 -0.1350709136
 2 2 1 7 -0.1350709136
 2 2 7 1 -0.1350709136
 2 2 1 7 -0.1350709136
 7 1 3 1 0.0666470269
 1 7 3 1 0.0666470269
 7 1 1 3 0.0666470269
 1 7 1 3 0.0666470269
 3 1 7 1 0.0666470269
 3 1 1 7 0.0666470269
 1 3 7 1 0.0666470269
 1 3 1 7 0.0666470269
 7 1 3 3 0.0277312493
 1 7 3 3 0.0277312493
 7 1 3 3 0.0277312493
 1 7 3 3 0.0277312493
 3 3 7 1 0.0277312493
 3 3 1 7 0.0277312493
 3 3 7 1 0.0277312493
 3 3 1 7 0.0277312493
 7 1 4 0 -0.1572658202
 1 7 4 0 -0.1572658202
 7 1 0 4 -0.1572658202
 1 7 0 4 -0.1572658202
 4 0 7 1 -0.1572658202
 4 0 1 7 -0.1572658202
 0 4 7 1 -0.1572658202
 0 4 1 7 -0.1572658202
 7 1 4 2 0.2307669598
 1 7 4 2 0.2307669598
 7 1 2 4 0.2307669598
 1 7 2 4 0.2307669598
 4 2 7 1 0.2307669598
 4 2 1 7 0.2307669598
 2 4 7 1 0.2307669598
 2 4 1 7 0.2307669598
 7 1 4 4 0.0277312493
 1 7 4 4 0.0277312493
 7 1 4 4 0.0277312493
 1 7 4 4 0.0277312493
 4 4 7 1 0.0277312493
 4 4 1 7 0.0277312493
 4 4 7 1 0.0277312493
 4 4 1 7 0.0277312493
 7 1 5 1 -0.1078899309
 1 7 5 1 -0.1078899309
 7 1 1 5 -0.1078899309
 1 7 1 5 -0.1078899309
 5 1 7 1 -0.1078899309
 5 1 1 7 -0.1078899309
 1 5 7 1 -0.1078899309
 1 5 1 7 -0.1078899309
 7 1 5 3 0.2307669598
 1 7 5 3 0.2307669598
 7 1 3 5 0.2307669598
 1 7 3 5 0.2307669598
 5 3 7 1 0.2307669598
 5 3 1 7 0.2307669598
 3 5 7 1 0.2307669598
 3 5 1 7 0.2307669598
 7 1 5 5 -0.1350709136
 1 7 5 5 -0.1350709136
 7 1 5 5 -0.1350709136
 1 7 5 5 -0.1350709136
 5 5 7 1 -0.1350709136
 5 5 1 7 -0.1350709136
 5 5 7 1 -0.1350709136
 5 5 1 7 -0.1350709136
 7 1 6 0 -0.2644313696
 1 7 6 0 -0.2644313696
 7 1 0 6 -0.2644313696
 1 7 0 6 -0.2644313696
 6 0 7 1 -0.2644313696
 6 0 1 7 -0.2644313696
 0 6 7 1 -0.2644313696
 0 6 1 7 -0.2644313696
 7 1 6 2 -0.1078899309
 1 7 6 2 -0.1078899309
 7 1 2 6 -0.1078899309
 1 7 2 6 -0.1078899309
 6 2 7 1 -0.1078899309
 6 2 1 7 -0.1078899309
 2 6 7 1 -0.1078899309
 2 6 1 7 -0.1078899309
 7 1 6 4 0.0666470269
 1 7 6 4 0.0666470269
 7 1 4 6 0.0666470269
 1 7 4 6 0.0666470269
 6 4 7 1 0.0666470269
 6 4 1 7 0.0666470269
 4 6 7 1 0.0666470269
 4 6 1 7 0.0666470269
 7 1 6 6 -0.0490486405
 1 7 6 6 -0.0490486405
 7 1 6 6 -0.0490486405
 1 7 6 6 -0.0490486405
 6 6 7 1 -0.0490486405
 6 6 1 7 -0.0490486405
 6 6 7 1 -0.0490486405
 6 6 1 7 -0.0490486405
 7 1 7 1 0.2644313696
 1 7 7 1 0.2644313696
 7 1 1 7 0.2644313696
 1 7 1 7 0.2644313696
 7 2 1 0 -0.1263749704
 2 7 1 0 -0.1263749704
 7 2 0 1 -0.1263749704
 2 7 0 1 -0.1263749704
 1 0 7 2 -0.1263749704
 1 0 2 7 -0.1263749704
 0 1 7 2 -0.1263749704
 0 1 2 7 -0.1263749704
 7 2 2 1 -0.1830765583
 2 7 2 1 -0.1830765583
 7 2 1 2 -0.1830765583
 2 7 1 2 -0.1830765583
 2 1 7 2 -0.1830765583
 2 1 2 7 -0.1830765583
 1 2 7 2 -0.1830765583
 1 2 2 7 -0.1830765583
 7 2 3 0 0.0901557745
 2 7 3 0 0.0901557745
 7 2 0 3 0.0901557745
 2 7 0 3 0.0901557745
 3 0 7 2 0.0901557745
 3 0 2 7 0.0901557745
 0 3 7 2 0.0901557745
 0 3 2 7 0.0901557745
 7 2 3 2 -0.0325622504
 2 7 3 2 -0.0325622504
 7 2 2 3 -0.0325622504
 2 7 2 3 -0.0325622504
 3 2 7 2 -0.0325622504
 3 2 2 7 -0.0325622504
 2 3 7 2 -0.0325622504
 2 3 2 7 -0.0325622504
 7 2 4 1 0.2527960605
 2 7 4 1 0.2527960605
 7 2 1 4 0.2527960605
 2 7 1 4 0.2527960605
 4 1 7 2 0.2527960605
 4 1 2 7 0.2527960605
 1 4 7 2 0.2527960605
 1 4 2 7 0.2527960605
 7 2 4 3 0.1046215150
 2 7 4 3 0.1046215150
 7 2 3 4 0.1046215150
 2 7 3 4 0.1046215150
 4 3 7 2 0.1046215150
 4 3 2 7 0.1046215150
 3 4 7 2 0.1046215150
 3 4 2 7 0.1046215150
 7 2 5 0 -0.2870181222
 2 7 5 0 -0.2870181222
 7 2 0 5 -0.2870181222
 2 7 0 5 -0.2870181222
 5 0 7 2 -0.2870181222
 5 0 2 7 -0.2870181222
 0 5 7 2 -0.2870181222
 0 5 2 7 -0.2870181222
 7 2 5 2 -0.1203571336
 2 7 5 2 -0.1203571336
 7 2 2 5 -0.1203571336
 2 7 2 5 -0.1203571336
 5 2 7 2 -0.1203571336
 5 2 2 7 -0.1203571336
 2 5 7 2 -0.1203571336
 2 5 2 7 -0.1203571336
 7 2 5 4 -0.0325622504
 2 7 5 4 -0.0325622504
 7 2 4 5 -0.0325622504
 2 7 4 5 -0.0325622504
 5 4 7 2 -0.0325622504
 5 4 2 7 -0.0325622504
 4 5 7 2 -0.0325622504
 4 5 2 7 -0.0325622504
 7 2 6 1 -0.1558998170
 2 7 6 1 -0.1558998170
 7 2 1 6 -0.1558998170
 2 7 1 6 -0.1558998170
 6 1 7 2 -0.1558998170
 6 1 2 7 -0.1558998170
 1 6 7 2 -0.1558998170
 1 6 2 7 -0.1558998170
 7 2 6 3 0.2527960605
 2 7 6 3 0.2527960605
 7 2 3 6 0.2527960605
 2 7 3 6 0.2527960605
 6 3 7 2 0.2527960605
 6 3 2 7 0.2527960605
 3 6 7 2 0.2527960605
 3 6 2 7 0.2527960605
 7 2 6 5 -0.1830765583
 2 7 6 5 -0.1830765583
 7 2 5 6 -0.1830765583
 2 7 5 6 -0.1830765583
 6 5 7 2 -0.1830765583
 6 5 2 7 -0.1830765583
 5 6 7 2 -0.1830765583
 5 6 2 7 -0.1830765583
 7 2 7 0 -0.1338816046
 2 7 7 0 -0.1338816046
 7 2 0 7 -0.1338816046
 2 7 0 7 -0.1338816046
 7 0 7 2 -0.1338816046
 7 0 2 7 -0.1338816046
 0 7 7 2 -0.1338816046
 0 7 2 7 -0.1338816046
 7 2 7 2 0.2870181222
 2 7 7 2 0.2870181222
 7 2 2 7 0.2870181222
 2 7 2 7 0.2870181222
 7 3 0 0 -0.0330502600
 3 7 0 0 -0.0330502600
 7 3 0 0 -0.0330502600
 3 7 0 0 -0.0330502600
 0 0 7 3 -0.0330502600
 0 0 3 7 -0.0330502600
 0 0 7 3 -0.0330502600
 0 0 3 7 -0.0330502600
 7 3 1 1 0.2758521191
 3 7 1 1 0.2758521191
 7 3 1 1 0.2758521191
 3 7 1 1 0.2758521191
 1 1 7 3 0.2758521191
 1 1 3 7 0.2758521191
 1 1 7 3 0.2758521191
 1 1 3 7 0.2758521191
 7 3 2 0 0.2845016869
 3 7 2 0 0.2845016869
 7 3 0 2 0.2845016869
 3 7 0 2 0.2845016869
 2 0 7 3 0.2845016869
 2 0 3 7 0.2845016869
 0 2 7 3 0.2845016869
 0 2 3 7 0.2845016869
 7 3 2 2 -0.0501282155
 3 7 2 2 -0.0501282155
 7 3 2 2 -0.0501282155
 3 7 2 2 -0.0501282155
 2 2 7 3 -0.0501282155
 2 2 3 7 -0.0501282155
 2 2 7 3 -0.0501282155
 2 2 3 7 -0.0501282155
 7 3 3 1 0.0152703643
 3 7 3 1 0.0152703643
 7 3 1 3 0.0152703643
 3 7 1 3 0.0152703643
 3 1 7 3 0.0152703643
 3 1 3 7 0.0152703643
 1 3 7 3 0.0152703643
 1 3 3 7 0.0152703643
 7 3 3 3 0.0290642329
 3 7 3 3 0.0290642329
 7 3 3 3 0.0290642329
 3 7 3 3 0.0290642329
 3 3 7 3 0.0290642329
 3 3 3 7 0.0290642329
 3 3 7 3 0.0290642329
 3 3 3 7 0.0290642329
 7 3 4 0 -0.5142199914
 3 7 4 0 -0.5142199914
 7 3 0 4 -0.5142199914
 3 7 0 4 -0.5142199914
 4 0 7 3 -0.5142199914
 4 0 3 7 -0.5142199914
 0 4 7 3 -0.5142199914
 0 4 3 7 -0.5142199914
 7 3 4 2 0.1311563884
 3 7 4 2 0.1311563884
 7 3 2 4 0.1311563884
 3 7 2 4 0.1311563884
 4 2 7 3 0.1311563884
 4 2 3 7 0.1311563884
 2 4 7 3 0.1311563884
 2 4 3 7 0.1311563884
 7 3 4 4 0.0290642329
 3 7 4 4 0.0290642329
 7 3 4 4 0.0290642329
 3 7 4 4 0.0290642329
 4 4 7 3 0.0290642329
 4 4 3 7 0.0290642329
 4 4 7 3 0.0290642329
 4 4 3 7 0.0290642329
 7 3 5 1 0.3443853878
 3 7 5 1 0.3443853878
 7 3 1 5 0.3443853878
 3 7 1 5 0.3443853878
 5 1 7 3 0.3443853878
 5 1 3 7 0.3443853878
 1 5 7 3 0.3443853878
 1 5 3 7 0.3443853878
 7 3 5 3 0.1311563884
 3 7 5 3 0.1311563884
 7 3 3 5 0.1311563884
 3 7 3 5 0.1311563884
 5 3 7 3 0.1311563884
 5 3 3 7 0.1311563884
 3 5 7 3 0.1311563884
 3 5 3 7 0.1311563884
 7 3 5 5 -0.0501282155
 3 7 5 5 -0.0501282155
 7 3 5 5 -0.0501282155
 3 7 5 5 -0.0501282155
 5 5 7 3 -0.0501282155
 5 5 3 7 -0.0501282155
 5 5 7 3 -0.0501282155
 5 5 3 7 -0.0501282155
 7 3 6 0 -0.1572658202
 3 7 6 0 -0.1572658202
 7 3 0 6 -0.1572658202
 3 7 0 6 -0.1572658202
 6 0 7 3 -0.1572658202
 6 0 3 7 -0.1572658202
 0 6 7 3 -0.1572658202
 0 6 3 7 -0.1572658202
 7 3 6 2 0.3443853878
 3 7 6 2 0.3443853878
 7 3 2 6 0.3443853878
 3 7 2 6 0.3443853878
 6 2 7 3 0.3443853878
 6 2 3 7 0.3443853878
 2 6 7 3 0.3443853878
 2 6 3 7 0.3443853878
 7 3 6 4 0.0152703643
 3 7 6 4 0.0152703643
 7 3 4 6 0.0152703643
 3 7 4 6 0.0152703643
 6 4 7 3 0.0152703643
 6 4 3 7 0.0152703643
 4 6 7 3 0.0152703643
 4 6 3 7 0.0152703643
 7 3 6 6 0.2758521191
 3 7 6 6 0.2758521191
 7 3 6 6 0.2758521191
 3 7 6 6 0.2758521191
 6 6 7 3 0.2758521191
 6 6 3 7 0.2758521191
 6 6 7 3 0.2758521191
 6 6 3 7 0.2758521191
 7 3 7 1 0.1572658202
 3 7 7 1 0.1572658202
 7 3 1 7 0.1572658202
 3 7 1 7 0.1572658202
 7 1 7 3 0.1572658202
 7 1 3 7 0.1572658202
 1 7 7 3 0.1572658202
 1 7 3 7 0.1572658202
 7 3 7 3 0.5142199914
 3 7 7 3 0.5142199914
 7 3 3 7 0.5142199914
 3 7 3 7 0.5142199914
 7 4 1 0 -0.5098498776
 4 7 1 0 -0.5098498776
 7 4 0 1 -0.5098498776
 4 7 0 1 -0.5098498776
 1 0 7 4 -0.5098498776
 1 0 4 7 -0.5098498776
 0 1 7 4 -0.5098498776
 0 1 4 7 -0.5098498776
 7 4 2 1 0.2914967443
 4 7 2 1 0.2914967443
 7 4 1 2 0.2914967443
 4 7 1 2 0.2914967443
 2 1 7 4 0.2914967443
 2 1 4 7 0.2914967443
 1 2 7 4 0.2914967443
 1 2 4 7 0.2914967443
 7 4 3 0 -0.7767170626
 4 7 3 0 -0.7767170626
 7 4 0 3 -0.7767170626
 4 7 0 3 -0.7767170626
 3 0 7 4 -0.7767170626
 3 0 4 7 -0.7767170626
 0 3 7 4 -0.7767170626
 0 3 4 7 -0.7767170626
 7 4 3 2 0.2395303142
 4 7 3 2 0.2395303142
 7 4 2 3 0.2395303142
 4 7 2 3 0.2395303142
 3 2 7 4 0.2395303142
 3 2 4 7 0.2395303142
 2 3 7 4 0.2395303142
 2 3 4 7 0.2395303142
 7 4 4 1 0.3900399406
 4 7 4 1 0.3900399406
 7 4 1 4 0.3900399406
 4 7 1 4 0.3900399406
 4 1 7 4 0.3900399406
 4 1 4 7 0.3900399406
 1 4 7 4 0.3900399406
 1 4 4 7 0.3900399406
 7 4 4 3 0.1001930408
 4 7 4 3 0.1001930408
 7 4 3 4 0.1001930408
 4 7 3 4 0.1001930408
 4 3 7 4 0.1001930408
 4 3 4 7 0.1001930408
 3 4 7 4 0.1001930408
 3 4 4 7 0.1001930408
 7 4 5 0 0.0901557745
 4 7 5 0 0.0901557745
 7 4 0 5 0.0901557745
 4 7 0 5 0.0901557745
 5 0 7 4 0.0901557745
 5 0 4 7 0.0901557745
 0 5 7 4 0.0901557745
 0 5 4 7 0.0901557745
 7 4 5 2 -0.3855904663
 4 7 5 2 -0.3855904663
 7 4 2 5 -0.3855904663
 4 7 2 5 -0.3855904663
 5 2 7 4 -0.3855904663
 5 2 4 7 -0.3855904663
 2 5 7 4 -0.3855904663
 2 5 4 7 -0.3855904663
 7 4 5 4 0.2395303142
 4 7 5 4 0.2395303142
 7 4 4 5 0.2395303142
 4 7 4 5 0.2395303142
 5 4 7 4 0.2395303142
 5 4 4 7 0.2395303142
 4 5 7 4 0.2395303142
 4 5 4 7 0.2395303142
 7 4 6 1 0.1324292471
 4 7 6 1 0.1324292471
 7 4 1 6 0.1324292471
 4 7 1 6 0.1324292471
 6 1 7 4 0.1324292471
 6 1 4 7 0.1324292471
 1 6 7 4 0.1324292471
 1 6 4 7 0.1324292471
 7 4 6 3 0.3900399406
 4 7 6 3 0.3900399406
 7 4 3 6 0.3900399406
 4 7 3 6 0.3900399406
 6 3 7 4 0.3900399406
 6 3 4 7 0.3900399406
 3 6 7 4 0.3900399406
 3 6 4 7 0.3900399406
 7 4 6 5 0.2914967443
 4 7 6 5 0.2914967443
 7 4 5 6 0.2914967443
 4 7 5 6 0.2914967443
 6 5 7 4 0.2914967443
 6 5 4 7 0.2914967443
 5 6 7 4 0.2914967443
 5 6 4 7 0.2914967443
 7 4 7 0 -0.0009878325
 4 7 7 0 -0.0009878325
 7 4 0 7 -0.0009878325
 4 7 0 7 -0.0009878325
 7 0 7 4 -0.0009878325
 7 0 4 7 -0.0009878325
 0 7 7 4 -0.0009878325
 0 7 4 7 -0.0009878325
 7 4 7 2 -0.0901557745
 4 7 7 2 -0.0901557745
 7 4 2 7 -0.0901557745
 4 7 2 7 -0.0901557745
 7 2 7 4 -0.0901557745
 7 2 4 7 -0.0901557745
 2 7 7 4 -0.0901557745
 2 7 4 7 -0.0901557745
 7 4 7 4 0.7767170626
 4 7 7 4 0.7767170626
 7 4 4 7 0.7767170626
 4 7 4 7 0.7767170626
 7 5 0 0 0.9308430722
 5 7 0 0 0.9308430722
 7 5 0 0 0.9308430722
 5 7 0 0 0.9308430722
 0 0 7 5 0.9308430722
 0 0 5 7 0.9308430722
 0 0 7 5 0.9308430722
 0 0 5 7 0.9308430722
 7 5 1 1 -0.0763848880
 5 7 1 1 -0.0763848880
 7 5 1 1 -0.0763848880
 5 7 1 1 -0.0763848880
 1 1 7 5 -0.0763848880
 1 1 5 7 -0.0763848880
 1 1 7 5 -0.0763848880
 1 1 5 7 -0.0763848880
 7 5 2 0 -0.9780960703
 5 7 2 0 -0.9780960703
 7 5 0 2 -0.9780960703
 5 7 0 2 -0.9780960703
 2 0 7 5 -0.9780960703
 2 0 5 7 -0.9780960703
 0 2 7 5 -0.9780960703
 0 2 5 7 -0.9780960703
 7 5 2 2 -0.0198738597
 5 7 2 2 -0.0198738597
 7 5 2 2 -0.0198738597
 5 7 2 2 -0.0198738597
 2 2 7 5 -0.0198738597
 2 2 5 7 -0.0198738597
 2 2 7 5 -0.0198738597
 2 2 5 7 -0.0198738597
 7 5 3 1 0.8651588780
 5 7 3 1 0.8651588780
 7 5 1 3 0.8651588780
 5 7 1 3 0.8651588780
 3 1 7 5 0.8651588780
 3 1 5 7 0.8651588780
 1 3 7 5 0.8651588780
 1 3 5 7 0.8651588780
 7 5 3 3 0.5402043445
 5 7 3 3 0.5402043445
 7 5 3 3 0.5402043445
 5 7 3 3 0.5402043445
 3 3 7 5 0.5402043445
 3 3 5 7 0.5402043445
 3 3 7 5 0.5402043445
 3 3 5 7 0.5402043445
 7 5 4 0 0.2845016869
 5 7 4 0 0.2845016869
 7 5 0 4 0.2845016869
 5 7 0 4 0.2845016869
 4 0 7 5 0.2845016869
 4 0 5 7 0.2845016869
 0 4 7 5 0.2845016869
 0 4 5 7 0.2845016869
 7 5 4 2 -0.6148273759
 5 7 4 2 -0.6148273759
 7 5 2 4 -0.6148273759
 5 7 2 4 -0.6148273759
 4 2 7 5 -0.6148273759
 4 2 5 7 -0.6148273759
 2 4 7 5 -0.6148273759
 2 4 5 7 -0.6148273759
 7 5 4 4 0.5402043445
 5 7 4 4 0.5402043445
 7 5 4 4 0.5402043445
 5 7 4 4 0.5402043445
 4 4 7 5 0.5402043445
 4 4 5 7 0.5402043445
 4 4 7 5 0.5402043445
 4 4 5 7 0.5402043445
 7 5 5 1 -0.1257172105
 5 7 5 1 -0.1257172105
 7 5 1 5 -0.1257172105
 5 7 1 5 -0.1257172105
 5 1 7 5 -0.1257172105
 5 1 5 7 -0.1257172105
 1 5 7 5 -0.1257172105
 1 5 5 7 -0.1257172105
 7 5 5 3 -0.6148273759
 5 7 5 3 -0.6148273759
 7 5 3 5 -0.6148273759
 5 7 3 5 -0.6148273759
 5 3 7 5 -0.6148273759
 5 3 5 7 -0.6148273759
 3 5 7 5 -0.6148273759
 3 5 5 7 -0.6148273759
 7 5 5 5 -0.0198738597
 5 7 5 5 -0.0198738597
 7 5 5 5 -0.0198738597
 5 7 5 5 -0.0198738597
 5 5 7 5 -0.0198738597
 5 5 5 7 -0.0198738597
 5 5 7 5 -0.0198738597
 5 5 5 7 -0.0198738597
 7 5 6 0 0.0331863162
 5 7 6 0 0.0331863162
 7 5 0 6 0.0331863162
 5 7 0 6 0.0331863162
 6 0 7 5 0.0331863162
 6 0 5 7 0.0331863162
 0 6 7 5 0.0331863162
 0 6 5 7 0.0331863162
 7 5 6 2 -0.1257172105
 5 7 6 2 -0.1257172105
 7 5 2 6 -0.1257172105
 5 7 2 6 -0.1257172105
 6 2 7 5 -0.1257172105
 6 2 5 7 -0.1257172105
 2 6 7 5 -0.1257172105
 2 6 5 7 -0.1257172105
 7 5 6 4 0.8651588780
 5 7 6 4 0.8651588780
 7 5 4 6 0.8651588780
 5 7 4 6 0.8651588780
 6 4 7 5 0.8651588780
 6 4 5 7 0.8651588780
 4 6 7 5 0.8651588780
 4 6 5 7 0.8651588780
 7 5 6 6 -0.0763848880
 5 7 6 6 -0.0763848880
 7 5 6 6 -0.0763848880
 5 7 6 6 -0.0763848880
 6 6 7 5 -0.0763848880
 6 6 5 7 -0.0763848880
 6 6 7 5 -0.0763848880
 6 6 5 7 -0.0763848880
 7 5 7 1 -0.0331863162
 5 7 7 1 -0.0331863162
 7 5 1 7 -0.0331863162
 5 7 1 7 -0.0331863162
 7 1 7 5 -0.0331863162
 7 1 5 7 -0.0331863162
 1 7 7 5 -0.0331863162
 1 7 5 7 -0.0331863162
 7 5 7 3 -0.2845016869
 5 7 7 3 -0.2845016869
 7 5 3 7 -0.2845016869
 5 7 3 7 -0.2845016869
 7 3 7 5 -0.2845016869
 7 3 5 7 -0.2845016869
 3 7 7 5 -0.2845016869
 3 7 5 7 -0.2845016869
 7 5 7 5 0.9780960703
 5 7 7 5 0.9780960703
 7 5 5 7 0.9780960703
 5 7 5 7 0.9780960703
 7 6 1 0 -1.7102662956
 6 7 1 0 -1.7102662956
 7 6 0 1 -1.7102662956
 6 7 0 1 -1.7102662956
 1 0 7 6 -1.7102662956
 1 0 6 7 -1.7102662956
 0 1 7 6 -1.7102662956
 0 1 6 7 -1.7102662956
 7 6 2 1 -1.1872904552
 6 7 2 1 -1.1872904552
 7 6 1 2 -1.1872904552
 6 7 1 2 -1.1872904552
 2 1 7 6 -1.1872904552
 2 1 6 7 -1.1872904552
 1 2 7 6 -1.1872904552
 1 2 6 7 -1.1872904552
 7 6 3 0 -0.5098498776
 6 7 3 0 -0.5098498776
 7 6 0 3 -0.5098498776
 6 7 0 3 -0.5098498776
 3 0 7 6 -0.5098498776
 3 0 6 7 -0.5098498776
 0 3 7 6 -0.5098498776
 0 3 6 7 -0.5098498776
 7 6 3 2 1.4839958765
 6 7 3 2 1.4839958765
 7 6 2 3 1.4839958765
 6 7 2 3 1.4839958765
 3 2 7 6 1.4839958765
 3 2 6 7 1.4839958765
 2 3 7 6 1.4839958765
 2 3 6 7 1.4839958765
 7 6 4 1 0.4835477532
 6 7 4 1 0.4835477532
 7 6 1 4 0.4835477532
 6 7 1 4 0.4835477532
 4 1 7 6 0.4835477532
 4 1 6 7 0.4835477532
 1 4 7 6 0.4835477532
 1 4 6 7 0.4835477532
 7 6 4 3 0.8647042991
 6 7 4 3 0.8647042991
 7 6 3 4 0.8647042991
 6 7 3 4 0.8647042991
 4 3 7 6 0.8647042991
 4 3 6 7 0.8647042991
 3 4 7 6 0.8647042991
 3 4 6 7 0.8647042991
 7 6 5 0 -0.1263749704
 6 7 5 0 -0.1263749704
 7 6 0 5 -0.1263749704
 6 7 0 5 -0.1263749704
 5 0 7 6 -0.1263749704
 5 0 6 7 -0.1263749704
 0 5 7 6 -0.1263749704
 0 5 6 7 -0.1263749704
 7 6 5 2 -0.2248485382
 6 7 5 2 -0.2248485382
 7 6 2 5 -0.2248485382
 6 7 2 5 -0.2248485382
 5 2 7 6 -0.2248485382
 5 2 6 7 -0.2248485382
 2 5 7 6 -0.2248485382
 2 5 6 7 -0.2248485382
 7 6 5 4 1.4839958765
 6 7 5 4 1.4839958765
 7 6 4 5 1.4839958765
 6 7 4 5 1.4839958765
 5 4 7 6 1.4839958765
 5 4 6 7 1.4839958765
 4 5 7 6 1.4839958765
 4 5 6 7 1.4839958765
 7 6 6 1 0.0035454449
 6 7 6 1 0.0035454449
 7 6 1 6 0.0035454449
 6 7 1 6 0.0035454449
 6 1 7 6 0.0035454449
 6 1 6 7 0.0035454449
 1 6 7 6 0.0035454449
 1 6 6 7 0.0035454449
 7 6 6 3 0.4835477532
 6 7 6 3 0.4835477532
 7 6 3 6 0.4835477532
 6 7 3 6 0.4835477532
 6 3 7 6 0.4835477532
 6 3 6 7 0.4835477532
 3 6 7 6 0.4835477532
 3 6 6 7 0.4835477532
 7 6 6 5 -1.1872904552
 6 7 6 5 -1.1872904552
 7 6 5 6 -1.1872904552
 6 7 5 6 -1.1872904552
 6 5 7 6 -1.1872904552
 6 5 6 7 -1.1872904552
 5 6 7 6 -1.1872904552
 5 6 6 7 -1.1872904552
 7 6 7 0 -0.0469334152
 6 7 7 0 -0.0469334152
 7 6 0 7 -0.0469334152
 6 7 0 7 -0.0469334152
 7 0 7 6 -0.0469334152
 7 0 6 7 -0.0469334152
 0 7 7 6 -0.0469334152
 0 7 6 7 -0.0469334152
 7 6 7 2 0.1263749704
 6 7 7 2 0.1263749704
 7 6 2 7 0.1263749704
 6 7 2 7 0.1263749704
 7 2 7 6 0.1263749704
 7 2 6 7 0.1263749704
 2 7 7 6 0.1263749704
 2 7 6 7 0.1263749704
 7 6 7 4 0.5098498776
 6 7 7 4 0.5098498776
 7 6 4 7 0.5098498776
 6 7 4 7 0.5098498776
 7 4 7 6 0.5098498776
 7 4 6 7 0.5098498776
 4 7 7 6 0.5098498776
 4 7 6 7 0.5098498776
 7 6 7 6 1.7102662956
 6 7 7 6 1.7102662956
 7 6 6 7 1.7102662956
 6 7 6 7 1.7102662956
 7 7 0 0 6.2124965644
 0 0 7 7 6.2124965644
 7 7 1 1 5.2562671101
 1 1 7 7 5.2562671101
 7 7 2 0 -0.9308430722
 7 7 2 0 -0.9308430722
 7 7 0 2 -0.9308430722
 7 7 0 2 -0.9308430722
 2 0 7 7 -0.9308430722
 2 0 7 7 -0.9308430722
 0 2 7 7 -0.9308430722
 0 2 7 7 -0.9308430722
 7 7 2 2 5.1243858702
 2 2 7 7 5.1243858702
 7 7 3 1 0.9671670109
 7 7 3 1 0.9671670109
 7 7 1 3 0.9671670109
 7 7 1 3 0.9671670109
 3 1 7 7 0.9671670109
 3 1 7 7 0.9671670109
 1 3 7 7 0.9671670109
 1 3 7 7 0.9671670109
 7 7 3 3 5.7220971952
 3 3 7 7 5.7220971952
 7 7 4 0 0.0330502600
 7 7 4 0 0.0330502600
 7 7 0 4 0.0330502600
 7 7 0 4 0.0330502600
 4 0 7 7 0.0330502600
 4 0 7 7 0.0330502600
 0 4 7 7 0.0330502600
 0 4 7 7 0.0330502600
 7 7 4 2 -0.7683900975
 7 7 4 2 -0.7683900975
 7 7 2 4 -0.7683900975
 7 7 2 4 -0.7683900975
 4 2 7 7 -0.7683900975
 4 2 7 7 -0.7683900975
 2 4 7 7 -0.7683900975
 2 4 7 7 -0.7683900975
 7 7 4 4 5.7220971952
 4 4 7 7 5.7220971952
 7 7 5 1 0.2008646285
 7 7 5 1 0.2008646285
 7 7 1 5 0.2008646285
 7 7 1 5 0.2008646285
 5 1 7 7 0.2008646285
 5 1 7 7 0.2008646285
 1 5 7 7 0.2008646285
 1 5 7 7 0.2008646285
 7 7 5 3 -0.7683900975
 7 7 5 3 -0.7683900975
 7 7 3 5 -0.7683900975
 7 7 3 5 -0.7683900975
 5 3 7 7 -0.7683900975
 5 3 7 7 -0.7683900975
 3 5 7 7 -0.7683900975
 3 5 7 7 -0.7683900975
 7 7 5 5 5.1243858702
 5 5 7 7 5.1243858702
 7 7 6 0 0.0979467557
 7 7 6 0 0.0979467557
 7 7 0 6 0.0979467557
 7 7 0 6 0.0979467557
 6 0 7 7 0.0979467557
 6 0 7 7 0.0979467557
 0 6 7 7 0.0979467557
 0 6 7 7 0.0979467557
 7 7 6 2 0.2008646285
 7 7 6 2 0.2008646285
 7 7 2 6 0.2008646285
 7 7 2 6 0.2008646285
 6 2 7 7 0.2008646285
 6 2 7 7 0.2008646285
 2 6 7 7 0.2008646285
 2 6 7 7 0.2008646285
 7 7 6 4 0.9671670109
 7 7 6 4 0.9671670109
 7 7 4 6 0.9671670109
 7 7 4 6 0.9671670109
 6 4 7 7 0.9671670109
 6 4 7 7 0.9671670109
 4 6 7 7 0.9671670109
 4 6 7 7 0.9671670109
 7 7 6 6 5.2562671101
 6 6 7 7 5.2562671101
 7 7 7 1 -0.0979467557
 7 7 7 1 -0.0979467557
 7 7 1 7 -0.0979467557
 7 7 1 7 -0.0979467557
 7 1 7 7 -0.0979467557
 7 1 7 7 -0.0979467557
 1 7 7 7 -0.0979467557
 1 7 7 7 -0.0979467557
 7 7 7 3 -0.0330502600
 7 7 7 3 -0.0330502600
 7 7 3 7 -0.0330502600
 7 7 3 7 -0.0330502600
 7 3 7 7 -0.0330502600
 7 3 7 7 -0.0330502600
 3 7 7 7 -0.0330502600
 3 7 7 7 -0.0330502600
 7 7 7 5 0.9308430722
 7 7 7 5 0.9308430722
 7 7 5 7 0.9308430722
 7 7 5 7 0.9308430722
 7 5 7 7 0.9308430722
 7 5 7 7 0.9308430722
 5 7 7 7 0.9308430722
 5 7 7 7 0.9308430722
 7 7 7 7 6.2124965644
 ****  HF Energy = 0.0000000000000000 
 ****  Molecular Integrals For CheMPS End Here 
