           8           8
 Orbital #:     1
  0.19045690050652900       0.29550870615810160       0.41190920725918490       0.45467744457947640       0.45467744457947573       0.41190920725918401       0.29550870615809982       0.19045690050652764     
 Orbital #:     2
  0.35258275747779605       0.45325198501362013       0.36804108089787085       0.18653096252926304      -0.18653096252926596      -0.36804108089787307      -0.45325198501361946      -0.35258275747779516     
 Orbital #:     3
  0.44540108484387037       0.40601993457074631      -0.10620589860106980      -0.35424002237665037      -0.35424002237664931      -0.10620589860106766       0.40601993457074775       0.44540108484387098     
 Orbital #:     4
 -0.37553886855917246      -0.20587631091785477       0.42848205895810443       0.36467605892788546      -0.36467605892788607      -0.42848205895810471       0.20587631091785566       0.37553886855917334     
 Orbital #:     5
  0.37553886855917351      -0.20587631091785574      -0.42848205895810521       0.36467605892788696       0.36467605892788474      -0.42848205895810471      -0.20587631091785299       0.37553886855917096     
 Orbital #:     6
 -0.44540108484386942       0.40601993457074653       0.10620589860106724      -0.35424002237664842       0.35424002237665136      -0.10620589860107067      -0.40601993457074670       0.44540108484387081     
 Orbital #:     7
 -0.35258275747779638       0.45325198501362085      -0.36804108089787280       0.18653096252926613       0.18653096252926149      -0.36804108089786913       0.45325198501361941      -0.35258275747779583     
 Orbital #:     8
  0.19045690050652714      -0.29550870615809877       0.41190920725918245      -0.45467744457947462       0.45467744457947645      -0.41190920725918528       0.29550870615810287      -0.19045690050653019     
