          22          22
 Orbital #:     1
   8.7599814268718421E-002   8.7599814268718754E-002  0.12727694759952793       0.12727694759952779       0.22855226239480142       0.22855226239480059       0.21721331331157195       0.21721331331157179       0.30911027059089130       0.30911027059089158       0.24963946101498669       0.24963946101498652       0.30911027156209409       0.30911027156209397       0.21721331436571265       0.21721331436571326       0.22855226472220844       0.22855226472220860       0.12727694888199070       0.12727694888199093        8.7599816177573328E-002   8.7599816177573453E-002
 Orbital #:     2
 -0.17046223368543778      -0.17046223368543753      -0.21530810325094760      -0.21530810325094707      -0.32317706540206848      -0.32317706540206770      -0.21125818635664489      -0.21125818635664417      -0.15972354625659246      -0.15972354625659227       -1.1311731691465281E-009  -1.1311729347385244E-009  0.15972354181115309       0.15972354181115364       0.21125818515982900       0.21125818515982991       0.32317706501875931       0.32317706501875948       0.21530810373316830       0.21530810373316864       0.17046223609656275       0.17046223609656297     
 Orbital #:     3
  0.24518293565602975       0.24518293565602958       0.23665970531419134       0.23665970531419100       0.22511653819822178       0.22511653819822136       -3.9146125411904011E-003  -3.9146125411902962E-003 -0.23570923261125562      -0.23570923261125579      -0.23505696771789200      -0.23505696771789211      -0.23570923675317462      -0.23570923675317482       -3.9146139195885459E-003  -3.9146139195883048E-003  0.22511653393137632       0.22511653393137665       0.23665970505189640       0.23665970505189773       0.24518293830045274       0.24518293830045371     
 Orbital #:     4
  0.30882369736975224       0.30882369736975318       0.18364218145308930       0.18364218145309147       -1.8212593607611217E-002  -1.8212593607610038E-002 -0.18754528732522024      -0.18754528732521911      -0.29223028605341156      -0.29223028605341017       -2.4142081395474277E-010  -2.4141906284759467E-010  0.29223028173359489       0.29223028173359705       0.18754528753650446       0.18754528753650687        1.8212601660198436E-002   1.8212601660198700E-002 -0.18364218111034031      -0.18364218111034197      -0.30882370003273241      -0.30882370003273391     
 Orbital #:     5
   6.7008958049313463E-002  -6.7008958049312062E-002  0.16083052922550525      -0.16083052922550506       0.17688110260131712      -0.17688110260131804       0.27875118924551956      -0.27875118924552089       0.24241339432329859      -0.24241339432330020       0.32214883221924401      -0.32214883221924412       0.24241339532404740      -0.24241339532404671       0.27875119110141194      -0.27875119110141061       0.17688110496092257      -0.17688110496092027       0.16083053141646808      -0.16083053141646866        6.7008959837359452E-002  -6.7008959837362062E-002
 Orbital #:     6
  0.12736344151495874      -0.12736344151495746       0.28228737088362776      -0.28228737088362760       0.24434368524076550      -0.24434368524076622       0.28164938419696783      -0.28164938419696861       0.12272808358415223      -0.12272808358415289        2.1603413185949064E-009  -2.1603408134494442E-009 -0.12272807933097896       0.12272807933098019      -0.28164938199769202       0.28164938199769218      -0.24434368505473711       0.24434368505473539      -0.28228737186169534       0.28228737186169467      -0.12736344371365999       0.12736344371366018     
 Orbital #:     7
 -0.35376127444060262      -0.35376127444060484       -7.7143257934443182E-002  -7.7143257934447151E-002  0.27601276129600433       0.27601276129600233       0.13768555616143968       0.13768555616143943      -0.10366721043885764      -0.10366721043885573      -0.16133583769936061      -0.16133583769935633      -0.10366722559416075      -0.10366722559415795       0.13768555652359998       0.13768555652360195       0.27601277117296857       0.27601277117296830       -7.7143258282052943E-002  -7.7143258282055066E-002 -0.35376127594015205      -0.35376127594015383     
 Orbital #:     8
 -0.17252492769729855       0.17252492769729430      -0.33354491945426290       0.33354491945426229      -0.16223374155736886       0.16223374155737258        6.6199959643261687E-004  -6.6199959643129848E-004  0.16602099947678717      -0.16602099947678961       0.33196306515616031      -0.33196306515616142       0.16602100327716526      -0.16602100327716496        6.6200290268195075E-004  -6.6200290268018057E-004 -0.16223373800016994       0.16223373800017166      -0.33354491898157762       0.33354491898157612      -0.17252493005372863       0.17252493005372463     
 Orbital #:     9
 -0.27092293793611244      -0.27092293793611344        1.8766218547761502E-003   1.8766218547745823E-003  0.29234905737485317       0.29234905737485251       -2.3056767464910222E-003  -2.3056767464905603E-003 -0.30186745515392621      -0.30186745515392549        1.1133106802600928E-009   1.1133108305674311E-009  0.30186745183386066       0.30186745183386032        2.3056747342480276E-003   2.3056747342461588E-003 -0.29234904761798686      -0.29234904761798847       -1.8766206100999641E-003  -1.8766206101016867E-003  0.27092292272054186       0.27092292272054153     
 Orbital #:    10
 -0.18960450536896062       0.18960450536895956      -0.30038023984023138       0.30038023984023066        7.2856569752951603E-003  -7.2856569752946269E-003  0.30143830651907066      -0.30143830651907016       0.18139379755629528      -0.18139379755629528        1.3170556233242151E-009  -1.3170558557403488E-009 -0.18139379429127023       0.18139379429126937      -0.30143830763306872       0.30143830763306823       -7.2856631119663567E-003   7.2856631119657600E-003  0.30038023849039180      -0.30038023849039130       0.18960450773169504      -0.18960450773169299     
 Orbital #:    11
 -0.15102816959989410       0.15102816959989396      -0.18634110585181834       0.18634110585181748       0.11531109659563031      -0.11531109659563053       0.32579606459048105      -0.32579606459048099       -4.2636576473359306E-002   4.2636576473359125E-002 -0.37738542920622636       0.37738542920622598       -4.2636585098310649E-002   4.2636585098311364E-002  0.32579606366266028      -0.32579606366266023       0.11531110260144396      -0.11531110260144445      -0.18634110460754527       0.18634110460754538      -0.15102817150951975       0.15102817150951933     
 Orbital #:    12
  0.15102816959989410       0.15102816959989296      -0.18634110585181723      -0.18634110585181726      -0.11531109659563073      -0.11531109659562964       0.32579606459047972       0.32579606459048033        4.2636576473360353E-002   4.2636576473359951E-002 -0.37738542920622664      -0.37738542920622686        4.2636585098311822E-002   4.2636585098310871E-002  0.32579606366266045       0.32579606366266090      -0.11531110260144461      -0.11531110260144443      -0.18634110460754505      -0.18634110460754544       0.15102817150951967       0.15102817150951961     
 Orbital #:    13
  0.18960450536896137       0.18960450536896087      -0.30038023984023215      -0.30038023984023232       -7.2856569752950441E-003  -7.2856569752942852E-003  0.30143830651907094       0.30143830651907133      -0.18139379755629537      -0.18139379755629573        1.3170562737814315E-009   1.3170559746163432E-009  0.18139379429126956       0.18139379429127059      -0.30143830763306861      -0.30143830763306861        7.2856631119665944E-003   7.2856631119669829E-003  0.30038023849038969       0.30038023849039042      -0.18960450773169274      -0.18960450773169377     
 Orbital #:    14
  0.27092293793611721      -0.27092293793611066        1.8766218547701221E-003  -1.8766218547810044E-003 -0.29234905737485140       0.29234905737485672       -2.3056767464895763E-003   2.3056767464914390E-003  0.30186745515392238      -0.30186745515393071        1.1133174301936376E-009  -1.1133019897116749E-009 -0.30186745183386360       0.30186745183385649        2.3056747342473532E-003  -2.3056747342477270E-003  0.29234904761799041      -0.29234904761798297       -1.8766206101084560E-003   1.8766206100938143E-003 -0.27092292272053686       0.27092292272054397     
 Orbital #:    15
 -0.17252492769728917      -0.17252492769730504       0.33354491945426429       0.33354491945426523      -0.16223374155738113      -0.16223374155736547       -6.6199959642735415E-004  -6.6199959642954825E-004  0.16602099947679366       0.16602099947677987      -0.33196306515616142      -0.33196306515615936       0.16602100327716193       0.16602100327717284       -6.6200290268479624E-004  -6.6200290268659168E-004 -0.16223373800016322      -0.16223373800017163       0.33354491898157351       0.33354491898157496      -0.17252493005372860      -0.17252493005372307     
 Orbital #:    16
 -0.35376127444060368       0.35376127444060301        7.7143257934446555E-002  -7.7143257934444917E-002  0.27601276129600166      -0.27601276129600238      -0.13768555616143993       0.13768555616143893      -0.10366721043885349       0.10366721043885690       0.16133583769935522      -0.16133583769936136      -0.10366722559415976       0.10366722559416194      -0.13768555652360043       0.13768555652360120       0.27601277117296819      -0.27601277117297074        7.7143258282056829E-002  -7.7143258282051055E-002 -0.35376127594015516       0.35376127594015183     
 Orbital #:    17
  0.12736344151495865       0.12736344151495518      -0.28228737088362554      -0.28228737088362543       0.24434368524076380       0.24434368524076705      -0.28164938419696933      -0.28164938419697000       0.12272808358415721       0.12272808358415450       -2.1603473388322113E-009  -2.1603465244962967E-009 -0.12272807933097631      -0.12272807933097528       0.28164938199768980       0.28164938199768935      -0.24434368505473614      -0.24434368505473711       0.28228737186169767       0.28228737186169883      -0.12736344371366090      -0.12736344371366248     
 Orbital #:    18
   6.7008958049311257E-002   6.7008958049312228E-002 -0.16083052922550273      -0.16083052922550392       0.17688110260131545       0.17688110260131679      -0.27875118924551984      -0.27875118924551845       0.24241339432330122       0.24241339432329628      -0.32214883221924384      -0.32214883221924362       0.24241339532404599       0.24241339532404987      -0.27875119110141178      -0.27875119110141444       0.17688110496092269       0.17688110496092413      -0.16083053141647211      -0.16083053141647027        6.7008959837363047E-002   6.7008959837360868E-002
 Orbital #:    19
 -0.30882369736975301       0.30882369736975235       0.18364218145309150      -0.18364218145308930        1.8212593607609445E-002  -1.8212593607611582E-002 -0.18754528732521752       0.18754528732522074       0.29223028605340867      -0.29223028605341161       -2.4141812517803905E-010   2.4142092439916006E-010 -0.29223028173359777       0.29223028173359539       0.18754528753650682      -0.18754528753650479       -1.8212601660199345E-002   1.8212601660198158E-002 -0.18364218111034133       0.18364218111034236       0.30882370003273424      -0.30882370003273407     
 Orbital #:    20
 -0.24518293565603028       0.24518293565603011       0.23665970531419125      -0.23665970531419095      -0.22511653819822081       0.22511653819822083       -3.9146125411913891E-003   3.9146125411913743E-003  0.23570923261125637      -0.23570923261125748      -0.23505696771789256       0.23505696771789281       0.23570923675317582      -0.23570923675317595       -3.9146139195891721E-003   3.9146139195887410E-003 -0.22511653393137523       0.22511653393137521       0.23665970505189624      -0.23665970505189535      -0.24518293830045204       0.24518293830045149     
 Orbital #:    21
  0.17046223368543789      -0.17046223368543778      -0.21530810325094740       0.21530810325094729       0.32317706540206848      -0.32317706540206903      -0.21125818635664567       0.21125818635664600       0.15972354625659410      -0.15972354625659446       -1.1311740736805187E-009   1.1311745177697285E-009 -0.15972354181115217       0.15972354181115178       0.21125818515982889      -0.21125818515982822      -0.32317706501875904       0.32317706501875842       0.21530810373316886      -0.21530810373316733      -0.17046223609656319       0.17046223609656219     
 Orbital #:    22
  -8.7599814268718490E-002   8.7599814268718434E-002  0.12727694759952743      -0.12727694759952737      -0.22855226239480028       0.22855226239480067       0.21721331331157107      -0.21721331331157126      -0.30911027059088986       0.30911027059089030       0.24963946101498447      -0.24963946101498480      -0.30911027156209342       0.30911027156209292       0.21721331436571389      -0.21721331436571287      -0.22855226472221063       0.22855226472221005       0.12727694888199287      -0.12727694888199231       -8.7599816177575340E-002   8.7599816177575091E-002
