          14          14
 Orbital #:     1
  -9.1334180457108491E-002 -0.14723554572914865      -0.22269259024723090      -0.26740341200271178      -0.31839690798156334      -0.34264737389969258      -0.36069290705499318      -0.36069290705499263      -0.34264737389969119      -0.31839690798156162      -0.26740341200270895      -0.22269259024722782      -0.14723554572914629       -9.1334180457107422E-002
 Orbital #:     2
  0.17832810777913008       0.26886719552005739       0.35050873216718764       0.36025547719437395       0.30150234127791692       0.22106426761491610        5.9127529653393039E-002  -5.9127529653397869E-002 -0.22106426761491946      -0.30150234127791931      -0.36025547719437451      -0.35050873216718736      -0.26886719552005622      -0.17832810777912925     
 Orbital #:     3
 -0.25602992125553020      -0.34375135023878911      -0.32497621587660991      -0.21961143198294750        3.5975110281052339E-002  0.19681731122018764       0.34987669846981539       0.34987669846981401       0.19681731122018389        3.5975110281048141E-002 -0.21961143198295061      -0.32497621587661119      -0.34375135023878717      -0.25602992125552770     
 Orbital #:     4
  0.31788876846149017       0.35923372976336798       0.14889663198289646       -5.9648771153319229E-002 -0.33389860347814004      -0.34841544137632935      -0.10624536778735567       0.10624536778736118       0.34841544137633035       0.33389860347813827        5.9648771153314621E-002 -0.14889663198290054      -0.35923372976336843      -0.31788876846148928     
 Orbital #:     5
 -0.35295755112028332      -0.31413936276106635       0.10672388870688657       0.29476055769608328       0.25483914980417294        4.4444145003868271E-002 -0.33398409959035569      -0.33398409959035280        4.4444145003874856E-002  0.25483914980417749       0.29476055769607906       0.10672388870688107      -0.31413936276106669      -0.35295755112028138     
 Orbital #:     6
 -0.33904797628177802      -0.22087179877750698       0.31196703858897723       0.34313382937426856      -0.13173907965927720      -0.30180479675392419      -0.11294485293204945       0.11294485293205628       0.30180479675392019       0.13173907965927026      -0.34313382937427017      -0.31196703858897490       0.22087179877751051       0.33904797628177985     
 Orbital #:     7
 -0.23177575509632312      -0.10653812052588572       0.30175895916360540       0.20566875846541260      -0.33561746653733815      -0.28378085839132200       0.32924286043265055       0.32924286043264922      -0.28378085839132522      -0.33561746653733943       0.20566875846541630       0.30175895916360851      -0.10653812052588821      -0.23177575509632653     
 Orbital #:     8
 -0.23177575509632861       0.10653812052589022       0.30175895916360823      -0.20566875846541785      -0.33561746653733787       0.28378085839132539       0.32924286043264661      -0.32924286043264817      -0.28378085839132283       0.33561746653733615       0.20566875846541482      -0.30175895916360596      -0.10653812052588725       0.23177575509632503     
 Orbital #:     9
 -0.33904797628178218       0.22087179877751231       0.31196703858897329      -0.34313382937427001      -0.13173907965926868       0.30180479675391897      -0.11294485293205590      -0.11294485293204957       0.30180479675392202      -0.13173907965927426      -0.34313382937426928       0.31196703858897606       0.22087179877750873      -0.33904797628177996     
 Orbital #:    10
 -0.35295755112028465       0.31413936276107068       0.10672388870687627      -0.29476055769607717       0.25483914980418143       -4.4444145003880331E-002 -0.33398409959035069       0.33398409959035358        4.4444145003871803E-002 -0.25483914980417455       0.29476055769607995      -0.10672388870688258      -0.31413936276106647       0.35295755112028232     
 Orbital #:    11
 -0.31788876846148839       0.35923372976336809      -0.14889663198290648       -5.9648771153307328E-002  0.33389860347813455      -0.34841544137633002       0.10624536778736299       0.10624536778735441      -0.34841544137632952       0.33389860347813888       -5.9648771153315752E-002 -0.14889663198290001       0.35923372976336893      -0.31788876846149078     
 Orbital #:    12
 -0.25602992125552693       0.34375135023878678      -0.32497621587661690       0.21961143198295965        3.5975110281038392E-002 -0.19681731122017629       0.34987669846981079      -0.34987669846981301       0.19681731122018320       -3.5975110281047100E-002 -0.21961143198295219       0.32497621587661235      -0.34375135023878756       0.25602992125552848     
 Orbital #:    13
  0.17832810777912514      -0.26886719552005095       0.35050873216718498      -0.36025547719437501       0.30150234127792341      -0.22106426761492448        5.9127529653402053E-002   5.9127529653391117E-002 -0.22106426761491682       0.30150234127791808      -0.36025547719437473       0.35050873216718709      -0.26886719552005517       0.17832810777912897     
 Orbital #:    14
  -9.1334180457102843E-002  0.14723554572913988      -0.22269259024722143       0.26740341200270412      -0.31839690798156078       0.34264737389969363      -0.36069290705499901       0.36069290705499957      -0.34264737389969591       0.31839690798156345      -0.26740341200270873       0.22269259024722685      -0.14723554572914507        9.1334180457106784E-002
