           ORB_  1   ORB_  2   ORB_  3   ORB_  4   ORB_  5   ORB_  6 
 Site   1   0.24390  -0.20753  -0.38455   0.40686  -0.22144  -0.19000 
 Site   3   0.24390   0.20753  -0.38455  -0.40686  -0.22144  -0.19000 
           ORB_  7 
 Site   1  -0.40825 
 Site   3   0.40825 
           ORB_  8   ORB_  9   ORB_ 10   ORB_ 11   ORB_ 12   ORB_ 13 
 Site   1  -0.15930  -0.30563  -0.16026  -0.33323   0.17697  -0.21307 
 Site   3  -0.15930   0.30563  -0.16026  -0.33323  -0.17697  -0.21307 
           ORB_  1   ORB_  2   ORB_  3   ORB_  4   ORB_  5   ORB_  6 
 Site   1  -0.21307  -0.17697  -0.33323  -0.16026  -0.30563  -0.15930 
 Site   3  -0.21307   0.17697  -0.33323  -0.16026   0.30563  -0.15930 
           ORB_  7   ORB_  8   ORB_  9   ORB_ 10   ORB_ 11   ORB_ 12 
 Site   1   0.40825   0.19000   0.22144   0.40686  -0.38455   0.20753 
 Site   3  -0.40825   0.19000   0.22144  -0.40686  -0.38455  -0.20753 
           ORB_ 13 
 Site   1   0.24390 
 Site   3   0.24390 
