          13          13
 Orbital #:     1
  0.24390152589959932       0.18958677868417356       0.24390152589959863       0.24390153006488308       0.34247046757115446       0.42823447253123870       0.34247046757115224       0.24390153006488119       0.18958678492009959       0.24390152591806674       0.34247046505640805       0.24390152591806510       0.18958678492009814     
 Orbital #:     2
 -0.20753401000425509       -3.1830112277884640E-009  0.20753400381276590      -0.43680077160429653      -0.31035278462039179        1.2442062646910435E-015  0.31035278173548020       0.43680077180631555      -0.34242170112428610      -0.22926676148950731        2.8849134410096274E-009  0.22926676747898103       0.34242170430729879     
 Orbital #:     3
 -0.38455427108617557      -0.39539452006049669      -0.38455427442756229        1.2547414963309600E-002 -0.17918226139340773       -9.1299461266578229E-010 -0.17918226639022122        1.2547407930626977E-002  0.19769726950047770       0.37200686024046958       0.35836452073074598       0.37200685654917337       0.19769726398733822     
 Orbital #:     4
  0.40685762673791281       -1.7501048716398938E-008 -0.40685765056396705        1.1660194370310939E-002  0.31429764396363802       -5.1550287716051291E-015 -0.31429762443888343       -1.1660144545143624E-002 -0.28172123097003965      -0.39519748584748715       -1.9524758211827260E-008  0.39519745984838228       0.28172124847109464     
 Orbital #:     5
 -0.22143539063928408      -0.32530365878857881      -0.22143534686211719       0.46306673692723022       0.18145980568617337       -1.4999420290804141E-008  0.18145983950404523       0.46306673818184335       0.16265184541753688      -0.24163134269251063      -0.36291965412882121      -0.24163138521506003       0.16265181510482879     
 Orbital #:     6
 -0.18999518359410925      -0.31469959678144022      -0.18999518359411435      -0.18999516730412061       0.18768600759959619       0.61694843888365192       0.18768600759959136      -0.18999516730412030      -0.31469959350937776      -0.18999518169451859       0.18768601287073985      -0.18999518169451290      -0.31469959350937393     
 Orbital #:     7
 -0.40824829792195633        3.5876144008426935E-016  0.40824829792195694       0.40824829062080925        7.4181306577136016E-009   5.0630079618542150E-017  -7.4181313333989040E-009 -0.40824829062081108       -7.8746721065984751E-009 -0.40824828284882164        8.9690498077511572E-016  0.40824828284882247        7.8746718478347123E-009
 Orbital #:     8
 -0.15929646693711749       0.43384136014417801      -0.15929657351002544       0.34433516162908184      -0.24539423074513980       -1.2551113539175682E-008 -0.24539408253774753       0.34433515644670348      -0.21692061094020196      -0.18503868265106393       0.49078831834040004      -0.18503858126052417      -0.21692074195084771     
 Orbital #:     9
 -0.30563412400580142        7.5639031005183405E-008  0.30563406845999308       -1.4862169547016135E-002  0.42503510929630522       -7.0217874293991717E-015 -0.42503519486387753        1.4862289614771625E-002 -0.37571767023507452       0.29077186036291169        8.5567578655769937E-008 -0.29077192488484949       0.37571759459603488     
 Orbital #:    10
 -0.16026034754683011       0.39926581178928078      -0.16026034754682553      -0.16026033934973713      -0.20012351932209127       0.49750569145488077      -0.20012351932209818      -0.16026033934973791       0.39926579976622911      -0.16026034711589809      -0.20012352776353562      -0.16026034711590370       0.39926579976623622     
 Orbital #:    11
 -0.33323016636932218       0.46506885496532008      -0.33323015555883140        1.3356397527596667E-002  0.20350535470225498       -6.3227023175346251E-009  0.20350533317010414        1.3356420561771748E-002 -0.23253441889555618       0.31987374524722467      -0.40701066993513241       0.31987375747091018      -0.23253444349917066     
 Orbital #:    12
  0.17696785219135275        1.4204901367408993E-008 -0.17696787254748519       0.37706972025156243      -0.35248157714062101        9.1220084729804881E-016  0.35248158957221432      -0.37706971943565426      -0.40276145174626321       0.20010186925283835       -1.2431595339178889E-008 -0.20010184971260944       0.40276143754135874     
 Orbital #:    13
 -0.21306610269643905       0.19733516190579606      -0.21306610269644008      -0.21306611013708762       0.37519574940697892      -0.43414046950833390       0.37519574940698203      -0.21306611013708973       0.19733516979629473      -0.21306610914561419       0.37519575002949868      -0.21306610914561527       0.19733516979629695     
