          13          13
 Orbital #:     1
 -0.21306610269644111      -0.19733516190579722      -0.21306610269643961      -0.21306611013709029      -0.37519574940698325      -0.43414046950833307      -0.37519574940698008      -0.21306611013708754      -0.19733516979629631      -0.21306610914561450      -0.37519575002949807      -0.21306610914561308      -0.19733516979629362     
 Orbital #:     2
 -0.17696783738229060        3.4872999392645074E-008  0.17696788735654759      -0.37706972084513196      -0.35248156809665254        2.3141420536201574E-015  0.35248159861618439       0.37706971884208274      -0.40276146208030766      -0.20010188346832411       -3.0519526843737135E-008  0.20010183549712088       0.40276142720731012     
 Orbital #:     3
 -0.33323017423393875      -0.46506885496531902      -0.33323014769421172        1.3356380770266059E-002 -0.20350537036686669       -6.3227010277878121E-009 -0.20350531750548986        1.3356437319103725E-002  0.23253440099646175       0.31987373635451205       0.40701066993513280       0.31987376636362247       0.23253446139826453     
 Orbital #:     4
 -0.16026034754682983      -0.39926581178928505      -0.16026034754682777      -0.16026033934973466       0.20012351932209668       0.49750569145487994       0.20012351932209876      -0.16026033934973449      -0.39926579976623000      -0.16026034711590170       0.20012352776353140      -0.16026034711590337      -0.39926579976623228     
 Orbital #:     5
 -0.30563408669337605        2.5980729055829860E-008  0.30563410577242361       -1.4862250201511525E-002 -0.42503516677560316       -3.9778816883285272E-016  0.42503513738459009        1.4862208960273564E-002  0.37571761942519838       0.29077190370498146        2.9391011726368255E-008 -0.29077188154278838      -0.37571764540592351     
 Orbital #:     6
 -0.15929653852656689      -0.43384136014418057      -0.15929650192057745       0.34433515814786853       0.24539413118808076       -1.2551118444126733E-008  0.24539418209481031       0.34433515992792812       0.21692069894550001      -0.18503861454282824      -0.49078831834040915      -0.18503864936876088       0.21692065394556265     
 Orbital #:     7
  0.40824829792195733       -8.1957637426905219E-016 -0.40824829792195672      -0.40824829062081097        7.4181317920214853E-009  -4.1096175128294693E-016  -7.4181309175201066E-009  0.40824829062081114       -7.8746718025286521E-009  0.40824828284882270       -8.3454259941408843E-016 -0.40824828284882198        7.8746714534214818E-009
 Orbital #:     8
  0.18999518359411172      -0.31469959678143949       0.18999518359411299       0.18999516730412072       0.18768600759959231      -0.61694843888365303       0.18768600759959247       0.18999516730412014      -0.31469959350937565       0.18999518169451562       0.18768601287073935       0.18999518169451565      -0.31469959350937576     
 Orbital #:     9
  0.22143530039667517      -0.32530365878857415       0.22143543710472163      -0.46306673951349492       0.18145987539860778        1.4999419802402439E-008  0.18145976979160572      -0.46306673559556699       0.16265178293066981       0.24163143034884146      -0.36291965412881610       0.24163129755872256       0.16265187759169245     
 Orbital #:    10
  0.40685767585313437       -5.4652567220078718E-008 -0.40685760144873701        1.1660091660308363E-002 -0.31429760371514165        2.5589039312539267E-015  0.31429766468737180       -1.1660247255147877E-002  0.28172126704684608      -0.39519743225270881       -6.0972231025364920E-008  0.39519751344314946      -0.28172121239427961     
 Orbital #:    11
 -0.38455428795866492       0.39539452006049469      -0.38455425755507033        1.2547379451454710E-002  0.17918228662505284       -9.1299481732824719E-010  0.17918224115857453        1.2547443442481435E-002 -0.19769724166162941       0.37200684160110414      -0.35836452073074498       0.37200687518853798      -0.19769729182618645     
 Orbital #:    12
  0.20753397874003504        2.8962518982492830E-008 -0.20753403507698470       0.43680077262439854      -0.31035277005289186        5.6359428869653137E-017  0.31035279630297674      -0.43680077078621110      -0.34242171719705267       0.22926679173362499       -2.6250084319331263E-008 -0.22926673723486352       0.34242168823453228     
 Orbital #:    13
  0.24390152589959957      -0.18958677868417390       0.24390152589959938       0.24390153006488258      -0.34247046757115301       0.42823447253124008      -0.34247046757115346       0.24390153006488197      -0.18958678492009906       0.24390152591806544      -0.34247046505640821       0.24390152591806585      -0.18958678492009864     
