FCI

Ag

-21.2453263982
-16.8797517137
-16.2308283169

B3u

-18.0274941682
-15.9455695588
-15.5782074976

B2u

-16.7317894433
-15.1269938879
-14.6854788634

B1g

-16.4684755163
-15.4962461957
-14.8793004477

QCI

Ag

-21.2316646386
-16.7781220160
-16.1329091360

B3u

-18.0274941682
-15.9455695588
-15.5782074976

B2u

-16.7317894433
-15.1269938879
-14.6854788634

B1g

-16.4684755163
-15.4962461957
-14.8793004477

DMRG

Ag

-21.2453264025568
-16.8797517341454
-16.2308282874282

B3u

-18.0274941475915
-15.945569557834
-15.5782074995793

B2u

-16.7334945753277
-15.1317670432152
-14.6893629962878

B1g

-16.4684754898342
-15.4962461773229
-14.8793004324903

