           ORB_  1   ORB_  2   ORB_  3   ORB_  4   ORB_  5   ORB_  6
 Site   1   0.08762  -0.02706  -0.22054  -0.11853   0.20115  -0.23081
 Site   3   0.08762   0.02706  -0.22054   0.11853   0.20115  -0.23081
           ORB_  7   ORB_  8   ORB_  9   ORB_ 10   ORB_ 11   ORB_ 12
 Site   1   0.21594   0.15817  -0.27475  -0.11866   0.31368  -0.14401
 Site   3  -0.21594  -0.15817  -0.27475  -0.11866  -0.31368  -0.14401
           ORB_ 13   ORB_ 14   ORB_ 15   ORB_ 16   ORB_ 17   ORB_ 18
 Site   1   0.15216  -0.14231  -0.10505   0.29001  -0.01402  -0.29889
 Site   3   0.15216   0.14231  -0.10505  -0.29001  -0.01402   0.29889
           ORB_ 19   ORB_ 20   ORB_ 21   ORB_ 22   ORB_ 23   ORB_ 24
 Site   1   0.06301   0.15249  -0.11890  -0.18919  -0.12629   0.08371
 Site   3   0.06301  -0.15249  -0.11890   0.18919  -0.12629   0.08371
           ORB_ 25   ORB_ 26   ORB_ 27   ORB_ 28   ORB_ 29   ORB_ 30
 Site   1   0.18955  -0.21992  -0.12422   0.17744   0.10295  -0.19981
 Site   3  -0.18955  -0.21992   0.12422   0.17744  -0.10295  -0.19981
           ORB_ 31   ORB_ 32   ORB_ 33
 Site   1   0.19703   0.02175  -0.07483
 Site   3   0.19703  -0.02175  -0.07483
           ORB_  1   ORB_  2   ORB_  3   ORB_  4   ORB_  5   ORB_  6
 Site   1   0.07483  -0.02175   0.19703   0.19981  -0.10295   0.17744
 Site   3   0.07483   0.02175   0.19703   0.19981   0.10295   0.17744
           ORB_  7   ORB_  8   ORB_  9   ORB_ 10   ORB_ 11   ORB_ 12
 Site   1  -0.12422  -0.21992   0.18955  -0.08371  -0.12629   0.18919
 Site   3   0.12422  -0.21992  -0.18955  -0.08371  -0.12629  -0.18919
           ORB_ 13   ORB_ 14   ORB_ 15
 Site   1  -0.11890  -0.15249  -0.06301
 Site   3  -0.11890   0.15249  -0.06301
           ORB_ 16   ORB_ 17   ORB_ 18   ORB_ 19   ORB_ 20   ORB_ 21
 Site   1  -0.29889  -0.01402  -0.29001  -0.10505  -0.14231   0.15216
 Site   3   0.29889  -0.01402   0.29001  -0.10505   0.14231   0.15216
           ORB_ 22   ORB_ 23   ORB_ 24   ORB_ 25   ORB_ 26   ORB_ 27
 Site   1   0.14401   0.31368   0.11866  -0.27475   0.15817  -0.21594
 Site   3   0.14401  -0.31368   0.11866  -0.27475  -0.15817   0.21594
           ORB_ 28   ORB_ 29   ORB_ 30   ORB_ 31   ORB_ 32   ORB_ 33
 Site   1   0.23081  -0.20115   0.11853  -0.22054  -0.02706  -0.08762
 Site   3   0.23081  -0.20115  -0.11853  -0.22054   0.02706  -0.08762
