          33          33
 Orbital #:     1
   8.7620006734883529E-002   6.1829505588793750E-002   8.7620006734883113E-002  0.14494208783537624       0.15244239230208062       0.21700150528794021       0.15244239230207918       0.14494208783537299       0.14494208610161508       0.18991028658102047       0.27385960079748461       0.25982201566873303       0.27385960079748028       0.18991028658101702       0.14494208610161249        8.7620006005930784E-002  0.15244239087037181       0.21700150755305539       0.25982201795167259       0.27385959866163551       0.25982201795166948       0.21700150755305400       0.15244239087036962        8.7620006005929507E-002   6.1829505740227789E-002   8.7620006323244140E-002  0.15244239276806704       0.14494208661163810       0.18991028364664836       0.14494208661163771       0.15244239276806684        8.7620006323244334E-002   6.1829505740227303E-002
 Orbital #:     2
  -2.7058598487040762E-002  -1.3366927160685365E-006   2.7055229840529289E-002 -0.12722597910315014       -5.7769709768509744E-002  -2.6345489966530414E-006   5.7765278380303181E-002  0.12722291889755613      -0.23711637227746316      -0.19905340382546699      -0.16551833945137234       -1.5518784360397992E-006  0.16551687977988433       0.19905164841524053       0.23711621942424002      -0.20451950130081431      -0.28012885350247357      -0.29874004370228052      -0.17597252522656354        1.4596714947031940E-006  0.17597407710502838       0.29874267825131284       0.28013030503409309       0.20452082770861957      -0.15157191521384727      -0.17746223099913802      -0.22236060053307166      -0.10989024485385944        1.7554101995475361E-006  0.10989345791264797       0.22236358038966744       0.17746427323784211       0.15157325190657145     
 Orbital #:     3
 -0.22053802342982592      -0.17502094373670599      -0.22053843671499493      -0.20034427767311552      -0.29011326126389053      -0.34495680723241018      -0.29011414364272925      -0.20034622098333435       -1.0005169459119641E-002 -0.11492150986227959       -9.5560370230360653E-002 -0.20319646021017787       -9.5562898455595083E-002 -0.11492455032196694       -1.0008791329954943E-002   8.6838702128593515E-002   9.5030873547364253E-002  0.17248068720763168       0.10159957586291068       0.19112326952239850       0.10159688793054023       0.17247612403487089        9.5026594663242106E-002   8.6835578152585913E-002   8.7511629806611424E-002  0.13370244471387302       0.19508666665429944       0.21035306677875529       0.22984605636298916       0.21035138821807181       0.19508327014893770       0.13369973402300761        8.7509314586908624E-002
 Orbital #:     4
 -0.11852552211057804       -8.1227297853211052E-009  0.11852550491118483      -0.32443382095385137      -0.19819578197679405       -5.8841479353405794E-009  0.19819577000859057       0.32443382289443845      -0.18187120468848278      -0.30920102890665135      -0.18279746471154140        1.5364888594907217E-009  0.18279747373561139       0.30920104417101146       0.18187122774281977       0.11493704180580298        2.2119109991098292E-002  0.11919181652930061       -3.1124682570420604E-002  -9.0242608816293020E-009   3.1124681033783966E-002 -0.11919181064510331       -2.2119089330320620E-002 -0.11493702442902533       0.16453811588437114       0.23346254275163011       0.22031486647487369       0.14256258893324986       -1.5264401177474710E-008 -0.14256261392807693      -0.22031487516720738      -0.23346254292867177      -0.16453810776147851     
 Orbital #:     5
  0.20114872286871777       0.18999237810094005       0.20114873300341893       -2.2694815746959779E-002  0.13996940578183914       0.13763088873543070       0.13996942272886315       -2.2694788005764261E-002 -0.26962047815838797      -0.17851735032487601      -0.10553833308381412       -3.5939810272822136E-002 -0.10553831745344368      -0.17851732388618255      -0.26962046260721995      -0.20322025797548215      -0.24162713453533211       -6.8815379788937106E-002   1.7969719824257702E-002  0.21107617839241036        1.7969722485619958E-002  -6.8815389980611402E-002 -0.24162713642665912      -0.20322026780334365       -9.4995987657164840E-002   2.0719569444968382E-003  0.10165802384132239       0.29231539640295612       0.35703456732028599       0.29231538421292752       0.10165800500297129        2.0719369819351069E-003  -9.4996001726240772E-002
 Orbital #:     6
 -0.23080980583549054      -0.21970863938317484      -0.23080980583542629       -6.4611179140420125E-002 -0.16146510252100904       -6.4770744106595016E-002 -0.16146510252090057       -6.4611179140242517E-002  -6.4611326215947854E-002   5.9230992278009896E-002  0.26194573328019710       0.20421689663619086       0.26194573328029352        5.9230992278178698E-002  -6.4611326215845852E-002 -0.23081005028078194      -0.16146532975423278       -6.4770866167725399E-002  0.20421693006984309       0.26194592201116113       0.20421693006985892       -6.4770866167788557E-002 -0.16146532975424008      -0.23081005028083987      -0.21970881359895031      -0.23080992646157830      -0.16146512492537143       -6.4610990794185155E-002   5.9231311356867232E-002  -6.4610990794262607E-002 -0.16146512492549084      -0.23080992646170462      -0.21970881359903782     
 Orbital #:     7
  0.21593989579767109       -8.0040354593618618E-015 -0.21593989579768516       0.23658194448973605       0.25311185370156591       -6.0321578047598323E-016 -0.25311185370156286      -0.23658194448971684      -0.23658194962862961       -4.0546350115020341E-009  -4.4616186710063655E-009  -3.7226006710294659E-015   4.4616133775716145E-009   4.0546496755248785E-009  0.23658194962864137      -0.21593989575473033      -0.25311185272703279        6.3577724599962459E-010  -2.1152514065703131E-009  -5.3855791223786905E-015   2.1152369158440624E-009  -6.3578703608339563E-010  0.25311185272703113       0.21593989575472608       -2.5141925300610946E-009  0.21593989408503911       0.25311185417020865       0.23658194863854759        7.3013053818480230E-015 -0.23658194863852910      -0.25311185417020432      -0.21593989408503883        2.5141900069670524E-009
 Orbital #:     8
  0.15816936798752299        5.9594053424677496E-009 -0.15816935819638164       0.14717355349588629       0.17855737632167951       -4.9654770347545840E-009 -0.17855737734426586      -0.14717355493147530        3.8700202317610934E-002  -1.7463433243159500E-002 -0.23010979175324764       -5.4385427116637741E-009  0.23010978701874613        1.7463432883839385E-002  -3.8700197057693349E-002  0.31702276761389864        6.4428416240054034E-002 -0.24133595125007315      -0.26432821320588362        4.7345064223269784E-009  0.26432821864443928       0.24133595621556356       -6.4428410218040202E-002 -0.31702276762797016       0.28964334980001916       0.15885339935450468      -0.11412896566633336      -0.10847335612466032        3.5930455973779557E-010  0.10847335230030068       0.11412896066690552      -0.15885340913157076      -0.28964335575942246     
 Orbital #:     9
 -0.27474724965282576      -0.33445135437528628      -0.27474725528948907        4.0283596386194512E-002   2.8694633059198511E-002  0.27867073771933254        2.8694626695972794E-002   4.0283591141393162E-002 -0.14759776950573900        1.0082558988180855E-002  0.13285393061561296       0.30521990416318412       0.13285393881601323        1.0082559610526416E-002 -0.14759777088489756        3.9491714627068811E-004 -0.16898253474908376      -0.13933540497240887      -0.15261000153106002      -0.26570791348136169      -0.15260999211122128      -0.13933539637194470      -0.16898253704511865        3.9490584855448457E-004  0.16722564937829426       0.27435228823047136       0.14028791072751803       0.10731430288371374       -2.0164993930300579E-002  0.10731430674937398       0.14028791479472627       0.27435228256943206       0.16722563905630089     
 Orbital #:    10
 -0.11866143413228060      -0.14096702718147980      -0.11866143413227374       0.27566338992012851        2.2023457251053910E-002 -0.12762172753822254        2.2023457251062670E-002  0.27566338992013661       0.27566342055724713       0.25972031680915103      -0.10219083531192857      -0.19535854351431833      -0.10219083531191910       0.25972031680915347       0.27566342055723175      -0.11866147624494201        2.2023490300649300E-002 -0.12762165809242454      -0.19535847162610911      -0.10219077446904176      -0.19535847162610021      -0.12762165809241902        2.2023490300631179E-002 -0.11866147624496413      -0.14096710559136943      -0.11866151809849396        2.2023443667391080E-002  0.27566337980544503       0.25972031967177722       0.27566337980546107        2.2023443667409558E-002 -0.11866151809848446      -0.14096710559137723     
 Orbital #:    11
  0.31367783653262288       -1.8247746081142540E-007 -0.31367806891544037       -3.9080721199862722E-002  0.21012965191714952        2.4997428328420007E-007 -0.21012943774779483        3.9080740279345057E-002  -9.3010263272313900E-003 -0.21882132506530935      -0.26055340417225398       -4.9524026716859704E-009  0.26055316142194890       0.21882112119561711        9.3009621718331409E-003   3.2126528851821386E-002  0.22000298948502126       0.26830693350520846       -5.3155990691248108E-003   2.4275034237790258E-007   5.3156040215315420E-003 -0.26830718347955385      -0.22000280291185118       -3.2125974292712682E-002 -0.19586001568029587      -0.28155186690867595        9.8731464613412076E-003   2.9779752931535418E-002   2.0386972277237719E-007  -2.9779707855614183E-002  -9.8735472039178113E-003  0.28155154473243238       0.19586019815779895     
 Orbital #:    12
 -0.14400609150525220      -0.22615974881776418      -0.14400558532185523        1.1823439241361481E-002  0.13271892605170191       0.30981426847308308       0.13271926513860932        1.1823376176626666E-002  -3.9756597582756292E-002 -0.12633629824717379      -0.15043027960430511       -6.1379306189215692E-003 -0.15043070006019671      -0.12633665135987909       -3.9756612591817307E-002  0.34365599074944941       0.11561777631438874      -0.15490740496740860        3.0689692090872835E-003  0.30086103785475515        3.0689606312848871E-003 -0.15490697199921100       0.11561813133395919       0.34365604259171750       0.11308006876866032      -0.19964990860634485      -0.24833710187135971        2.7933181187837296E-002  0.25267300242757673        2.7933229243504852E-002 -0.24833708593870096      -0.19965036294747984       0.11307975270841111     
 Orbital #:    13
  0.15216389986294240       0.24249018650369430       0.15216389986292098        1.2607643895695356E-002 -0.14630639741401910      -0.35865353272724376      -0.14630639741403428        1.2607643895696321E-002   1.2607650793733187E-002  0.15802500699968086       0.17736750087571976       -5.6285672833972919E-003  0.17736750087572370       0.15802500699969618        1.2607650793748464E-002  0.15216384829542570      -0.14630639585799102      -0.35865348371335087       -5.6285674482954720E-003  0.17736745766627970       -5.6285674483033624E-003 -0.35865348371336531      -0.14630639585799796       0.15216384829541307       0.24249014893786630       0.15216390313961467      -0.14630635903427616        1.2607646012961700E-002  0.15802497225265769        1.2607646012974623E-002 -0.14630635903426870       0.15216390313962608       0.24249014893786602     
 Orbital #:    14
 -0.14231433757620601       -4.0712899735345571E-008  0.14231428520036810        3.1492753829746853E-002  -8.1523465162121375E-002  -3.2552411298150550E-008   8.1523525811129413E-002  -3.1492561049519953E-002  0.35061578651211411       0.10728138923508010      -0.25051888790228255       -8.5423162564874218E-008  0.25051881579199298      -0.10728135835479033      -0.35061586930477717      -0.16213679933277372        6.4588788073248152E-002 -0.11309048128003804      -0.29676910701941500        7.2110302732965468E-008  0.29676919244257938       0.11309051383242713       -6.4588853596817764E-002  0.16213676407425323      -0.14144094309452160       -1.9822428125673777E-002  0.14611231792054727       0.31912311246928127       -3.0880279865691444E-008 -0.31912322245684488      -0.14611231304600700        1.9822515760050754E-002  0.14144098380743630     
 Orbital #:    15
 -0.10505418886832761      -0.16332195517585676      -0.10505425982055842       0.38667398015442667       0.12164837559096496      -0.13058566295504809       0.12164833494660744       0.38667399585540868      -0.16606364242948449        6.1938903431968145E-002 -0.14463706394921713      -0.34267949825446142      -0.14463718884792545        6.1938956918180410E-002 -0.16606346762641833       -7.0720657534635314E-002 -0.13142561351459187        6.5292857823110312E-002  0.17133982168271059       0.28927425345976926       0.17133967372544884        6.5292801440700016E-002 -0.13142558131318036       -7.0720738369566827E-002   8.1661012797593927E-002  0.17577492777634007        9.7772032774516137E-003 -0.22061051416820643      -0.12387785938399823      -0.22061035506612284        9.7772761232230686E-003  0.17577491789364394        8.1660942280770143E-002
 Orbital #:    16
  0.29001398545623802        1.0537476378460372E-015 -0.29001398545623774      -0.28660059236503505        2.0461060184244352E-002  -2.0286836464306764E-016  -2.0461060184242812E-002  0.28660059236503588       0.28660059376849695       -7.6756234798500675E-010   7.4593128744708694E-010  -9.0356090270551589E-016  -7.4593196411368434E-010   7.6756415216080707E-010 -0.28660059376849556      -0.29001398439469045       -2.0461060141885964E-002   2.4292600976932695E-010   9.0367897329284719E-010   7.0756506157894364E-016  -9.0367903717581523E-010  -2.4292674606907757E-010   2.0461060141885066E-002  0.29001398439468939       -6.8106022160670225E-010  0.29001398717954530        2.0461058878629604E-002 -0.28660059236968960        3.5503611308162858E-016  0.28660059236968849       -2.0461058878628677E-002 -0.29001398717954424        6.8106083299934770E-010
 Orbital #:    17
  -1.4017821071276288E-002  -4.9142191130582311E-002  -1.4017350719834672E-002 -0.23928424753284702        4.1379292144879891E-002  0.28622427883342394        4.1379294834172228E-002 -0.23928472497470477       0.38239347790431488       -1.5255941076608916E-002 -0.15773604616569964       -2.7571823814847456E-002 -0.15773561623617216       -1.5255899494617971E-002  0.38239356528388746      -0.25184053103469639       -2.2169621866612411E-002 -0.14311194311503619        1.3785893305913160E-002  0.31547166513393160        1.3785930881209366E-002 -0.14311233318578717       -2.2169676914288845E-002 -0.25184027675560045        2.4571060767454168E-002  0.26585810011525174       -1.9209615849739771E-002 -0.14310931473781316        3.0511839545043128E-002 -0.14310874991638503       -1.9209673586707849E-002  0.26585788404290639        2.4571127739169796E-002
 Orbital #:    18
 -0.29889329675447390        3.8666138588302427E-008  0.29889331881315362       0.30339922876648884       -1.7089920268411021E-003  -2.2520745392444648E-007   1.7089269105923454E-003 -0.30339885221807167       -5.5527226086503234E-002  -2.6424015583928772E-002 -0.27320635106730617        2.1694109832929697E-008  0.27320659928723567        2.6424039591304349E-002   5.5526624335515647E-002 -0.16158604087742387        3.4981057799166382E-002  0.24787760899101344       -2.3877910790400938E-002  -2.4821993076782657E-007   2.3877889096293476E-002 -0.24787738378356161       -3.4981022912045828E-002  0.16158643718437882       -4.2558405188684069E-002  0.13730686027192784        3.6690013372324963E-002 -0.35892585310895098       -2.4007375172424854E-008  0.35892607831151613       -3.6689983143195534E-002 -0.13730727863756598        4.2558366522546499E-002
 Orbital #:    19
   6.3012855760885694E-002 -0.22962338207631813        6.3012929159193876E-002 -0.23717058751741338       0.17027272034069232        8.2213256774690172E-002  0.17027262690598186      -0.23717060700747836        8.3517739822774315E-002  0.14235037959018526        7.7927182778626022E-002 -0.44526004205376762        7.7927247744825984E-002  0.14235049826460561        8.3517631215794752E-002  0.10055586351830352      -0.25324931128163769       -4.1106644981677251E-002  0.22263011323557708      -0.15585443153812792       0.22262992763384490       -4.1106610711989899E-002 -0.25324928702270416       0.10055592648368408       0.11481174099484844      -0.16356878467782118        8.2976562305779072E-002  0.15365295899260764      -0.28470088357420659       0.15365286987569388        8.2976679999418060E-002 -0.16356879511074515       0.11481164527887680     
 Orbital #:    20
  0.15249247399927726       -5.5261641793841187E-008 -0.15249244366964954       -4.0492652505811577E-002 -0.19412008324599517        1.9785614077671987E-008  0.19412016520235056        4.0492538349869329E-002 -0.22564204177582978       0.24655823161916299       0.13497391598592412       -1.0715721244364262E-007 -0.13497387847766973      -0.24655816310245543       0.22564208197491051       0.13081701722508909        5.0400342620364302E-002   7.1198758389422148E-002 -0.38560645411391942       -3.7508252583723367E-008  0.38560656127112880       -7.1198778175034477E-002  -5.0400464515373306E-002 -0.13081696882510721      -0.19885965386261192       -2.1675501734913966E-002  0.24452054313358379      -0.18514942916545329       -6.8516707894122897E-008  0.18514950312231418      -0.24452050319493016        2.1675423005300985E-002  0.19885970912425552     
 Orbital #:    21
 -0.11889884322111692       0.33151073867193159      -0.11889934870344994        3.5285907964027974E-002 -0.19306443408473040       0.23240998733555707      -0.19306370960338060        3.5285864456416703E-002  -3.5403230760030222E-003  0.14329353128688416      -0.14737797417791718        9.6184011814804488E-002 -0.14737729216921422       0.14329286817941753       -3.5404264747749331E-003  0.22329667392908911      -0.13830191577731069      -0.11620470568406677       -4.8091894483094963E-002  0.29475525016386483       -4.8092117034958165E-002 -0.11620524343742047      -0.13830110682236960       0.22329669629824495      -0.16575495875961935      -0.10439787354143698       0.33136551531942876       -3.1745478488086343E-002 -0.28658638227656108       -3.1745538379231317E-002  0.33136559979298869      -0.10439734568993558      -0.16575572581362169     
 Orbital #:    22
 -0.18919454705285069        4.4285886062478408E-007  0.18919422938279046       -1.6284193558191915E-002  0.27116214795216809        3.1047206300316432E-007 -0.27116266377337811        1.6284287833671415E-002  -3.8700600459514962E-002 -0.24819089850597958       0.25526534058762756        1.2849038161233395E-007 -0.25526573434555611       0.24819128135128007        3.8700591000474252E-002   8.3727352327761795E-003  0.30277940799529063      -0.20127309781556488       -8.3297859114455308E-002   3.9375790529538879E-007   8.3297730624067520E-002  0.20127278734356296      -0.30277977750398527       -8.3721386372320877E-003 -0.28709692764869421       0.19756668987480991        3.1617617647380462E-002  -2.2416391548970547E-002  -3.8284526653054041E-007   2.2416306732531845E-002  -3.1616732317553492E-002 -0.19756696880035468       0.28709648478991390     
 Orbital #:    23
 -0.12628681074555534       0.33287586923606766      -0.12628681074556028       -1.4244811836853647E-003 -0.17839563443905349       0.27419016905953125      -0.17839563443904533       -1.4244811836878850E-003  -1.4244799601249329E-003  0.18039849070913791      -0.13873435152373451        2.2574135880772841E-003 -0.13873435152372698       0.18039849070913339       -1.4244799601266858E-003 -0.12628682736719421      -0.17839563694317667       0.27419018414368074        2.2574216860975277E-003 -0.13873437452520759        2.2574216860905163E-003  0.27419018414367907      -0.17839563694317015      -0.12628682736719724       0.33287588849616806      -0.12628680960164004      -0.17839565907547486       -1.4244803441278001E-003  0.18039851623243455       -1.4244803441271446E-003 -0.17839565907547641      -0.12628680960163718       0.33287588849616573     
 Orbital #:    24
   8.3711500071322942E-002 -0.16405448056180952        8.3711500071332309E-002 -0.21870205697741515        2.9265032453483521E-002  0.11242381855009476        2.9265032453466990E-002 -0.21870205697740597      -0.21870205771429252       0.35524690542002335        6.3607091086581399E-002 -0.22835242636760372        6.3607091086580067E-002  0.35524690542002113      -0.21870205771430037        8.3711504682207463E-002   2.9265039307305337E-002  0.11242380579068799      -0.22835241220928065        6.3607086851137071E-002 -0.22835241220927510       0.11242380579068074        2.9265039307321574E-002   8.3711504682205395E-002 -0.16405449182014065        8.3711506007344366E-002   2.9265034640766428E-002 -0.21870205233187032       0.35524689971569579      -0.21870205233186474        2.9265034640755177E-002   8.3711506007358910E-002 -0.16405449182015250     
 Orbital #:    25
  0.18954819179976218       -1.7635134905792703E-015 -0.18954819179975976       0.16898446171959572      -0.31965982184463593        4.1864860968999319E-015  0.31965982184463687      -0.16898446171960671      -0.16898446322524649        5.7400324851367291E-009  -6.3680916287321944E-009  -7.9580973091192796E-015   6.3680956644853249E-009  -5.7400147980061459E-009  0.16898446322523422      -0.18954818980018304       0.31965981912180663        6.8565049398496733E-010   4.9900120572494060E-009   1.1741741180219746E-015  -4.9900203608586276E-009  -6.8564785961990460E-010 -0.31965981912180230       0.18954818980018528        2.1276202898101811E-009  0.18954818920609859      -0.31965982269314069       0.16898446578451412        6.4936177891398257E-015 -0.16898446578452286       0.31965982269314142      -0.18954818920609312       -2.1276275346488754E-009
 Orbital #:    26
 -0.21991754483839884       0.39548169580900117      -0.21991750126717177       -1.1211421338585676E-002  -2.4602599405598287E-002  0.25727619216943731       -2.4602675756276109E-002  -1.1211374014906421E-002 -0.11123390298561146        2.3650478239227862E-002  0.10178974839899137      -0.37440147635443305       0.10178968655697580        2.3650463870459406E-002 -0.11123387591804869        2.3837296217952301E-003  0.20080700589856557      -0.12863806163055902       0.18720068682769039      -0.20357943666724945       0.18720080056089553      -0.12863813978421704       0.20080697519685550        2.3838182124978902E-003 -0.19774078350172081       0.21753372254665015      -0.17620437468073244       0.12244531094458895       -4.7300965644992504E-002  0.12244529068847715      -0.17620432903177302       0.21753376756613041      -0.19774090363853492     
 Orbital #:    27
 -0.12421685623387356       -6.9361016268205955E-008  0.12421693337374189      -0.13491474073499138       0.21766760357087059       -4.5122036098407120E-008 -0.21766759494107249       0.13491474466758879       -7.7166710539647076E-002   4.0963824841857642E-002  0.17630494544081005        6.5663897341229627E-008 -0.17630498114531468       -4.0963833137676015E-002   7.7166749556860537E-002 -0.25256261221341320        8.7527258638502387E-002  0.22280774034743259      -0.32424122285375712        3.5704503904224888E-008  0.32424115718986241      -0.22280769522539343       -8.7527329075026097E-002  0.25256261137725733       0.34249722941207078      -0.12834575181712604      -0.13014027723789362        5.7747991569784642E-002   8.2958122653797005E-009  -5.7748034519586683E-002  0.13014033904461586       0.12834567551339807      -0.34249716005104008     
 Orbital #:    28
  0.17744060114158980      -0.22811652780701386       0.17744059760904421       -2.5855481663425172E-002 -0.15394610813297149       0.10840418031709587      -0.15394610073345300       -2.5855490485919470E-002 -0.20975144407798532       0.21455989461209968      -0.11662118104560831        7.8629522579835229E-002 -0.11662118797636278       0.21455990736331512      -0.20975144925752387      -0.17788152362690773       0.26373643037333633       -5.4202095527396965E-002  -3.9314776873587136E-002  0.23324239848227049       -3.9314774537125861E-002  -5.4202092306184654E-002  0.26373642949861642      -0.17788152012056593       0.11405828718161042        4.4088954352134975E-004 -0.10979029751750330       0.23560692507985259      -0.42911981117723008       0.23560692872281139      -0.10979030579174678        4.4089658241061353E-004  0.11405828040316870     
 Orbital #:    29
  0.10295449218605682        3.9135366682345116E-009 -0.10295449827435200       0.25712778019004856      -0.21565575858966579       -1.8597677573840322E-009  0.21565576387182545      -0.25712777930290431       0.15095539545179268      -0.37162865878596119       0.20199383668187987       -1.3489589859635304E-009 -0.20199383268040197       0.37162865142403928      -0.15095538825486016      -0.10219082606694388        2.5493363934730513E-002  -9.3880777636694765E-002  -6.8095170660960602E-002  -4.0014695770187667E-009   6.8095172009911303E-002   9.3880779496460565E-002  -2.5493372983978000E-002  0.10219083217036129       0.19755471458060311      -0.20514531849761555       0.24114912474538389      -0.10617238770270243        7.3619164046162533E-009  0.10617237961862423      -0.24114912097828595       0.20514531848248230      -0.19755471849413203     
 Orbital #:    30
 -0.19981451467775052       0.24706107492439885      -0.19981451467774830       -6.3086188368778273E-002  0.19489464706622481       -7.5321341507174552E-002  0.19489464706622189       -6.3086188368774748E-002  -6.3086178717140159E-002  -5.8358686404562411E-002  0.22835347109978907      -0.21746395086948078       0.22835347109979634       -5.8358686404568635E-002  -6.3086178717139854E-002 -0.19981450089074446       0.19489462755715795       -7.5321332863898610E-002 -0.21746394622594140       0.22835345390089512      -0.21746394622594681       -7.5321332863899720E-002  0.19489462755716241      -0.19981450089075029       0.24706106231170719      -0.19981450650233840       0.19489464417412461       -6.3086200466855147E-002  -5.8358655573675589E-002  -6.3086200466857506E-002  0.19489464417412947      -0.19981450650234356       0.24706106231171329     
 Orbital #:    31
  0.19703391791044456      -0.19176325730254309       0.19703385231854276       0.16079341322099097      -0.32257788509391622       0.34262814314565304      -0.32257772184512479       0.16079312023632009        3.7389746967501428E-003 -0.11860600919519526        9.2530609327433275E-002 -0.24255501885361064        9.2530125999291210E-002 -0.11860538966376692        3.7384082562989009E-003  -7.9680885658883288E-002  0.11440888847966263      -0.17131362605189399       0.12127719387651267      -0.18506073465450248       0.12127782736403683      -0.17131452090310137       0.11440981258923263       -7.9681433053562220E-002   9.5881378364675890E-002 -0.11735248402132384       0.20816807232386639      -0.16453181847770973       0.23721139396538982      -0.16453209193350313       0.20816883318465682      -0.11735296582410221        9.5881879197965758E-002
 Orbital #:    32
   2.1749392171654357E-002   2.8915623559444548E-007  -2.1749986379088128E-002   9.7150861230453758E-002  -5.4131356761478282E-002  -5.1664258068906399E-007   5.4132329579573493E-002  -9.7151346144784267E-002  0.18782659523257761      -0.20543091635768129       0.16026716129009380        3.6574418489643268E-007 -0.16026744033972198       0.20543127404432049      -0.18782660650758357       0.18151131290207126      -0.30642666306654981       0.29672493718581222      -0.21005899533897116        2.7904962807828726E-007  0.21005862959478117      -0.29672442054322162       0.30642631803510084      -0.18151107260260566      -0.16607199637083964       0.15976168090043541      -0.25229496571905291        9.0675750041234696E-002  -3.5768663450563842E-007  -9.0675253851904780E-002  0.25229433793240125      -0.15976132699246728       0.16607170721460232     
 Orbital #:    33
  -7.4832960892629113E-002   6.1692089240282952E-002  -7.4832960892629044E-002 -0.11628460356348204       0.15748338994263847      -0.20889260648356850       0.15748338994263944      -0.11628460356348365      -0.11628460165561609       0.19794654668646405      -0.26903173729018942       0.29408194160884465      -0.26903173729019281       0.19794654668646591      -0.11628460165561780       -7.4832960621589437E-002  0.15748338939147288      -0.20889260962614628       0.29408194403632798      -0.26903173509726569       0.29408194403633053      -0.20889260962614695       0.15748338939147480       -7.4832960621590755E-002   6.1692089527076242E-002  -7.4832960586540417E-002  0.15748339085545685      -0.11628460247018840       0.19794654418778568      -0.11628460247018868       0.15748339085545734       -7.4832960586540639E-002   6.1692089527077262E-002
