          33          33
 Orbital #:     1
   7.4832960892632611E-002   6.1692089240285651E-002   7.4832960892632333E-002  0.11628460356348701       0.15748338994264716       0.20889260648357663       0.15748338994264571       0.11628460356348562       0.11628460165561705       0.19794654668646844       0.26903173729019592       0.29408194160885015       0.26903173729019486       0.19794654668646741       0.11628460165561655        7.4832960621588396E-002  0.15748338939147183       0.20889260962614289       0.29408194403632670       0.26903173509726364       0.29408194403632709       0.20889260962614487       0.15748338939147194        7.4832960621588576E-002   6.1692089527074112E-002   7.4832960586537239E-002  0.15748339085545060       0.11628460247018352       0.19794654418777838       0.11628460247018389       0.15748339085545165        7.4832960586538197E-002   6.1692089527074369E-002
 Orbital #:     2
  -2.1749656794682666E-002   3.1611859594403435E-008   2.1749721756110417E-002  -9.7151077181223802E-002  -5.4131789994165791E-002   5.6481688879336106E-008   5.4131896347011779E-002   9.7151130194237087E-002 -0.18782660025397596      -0.20543107564927954      -0.16026728556161179        3.9984797397130817E-008  0.16026731606856950       0.20543111475318959       0.18782660148660912      -0.18151120588784986      -0.30642650941136429      -0.29672470710569460      -0.21005883245951154       -3.0506960083760346E-008  0.21005879247471265       0.29672465062400732       0.30642647169097620       0.18151117961723265      -0.16607186759883399      -0.15976152329203294      -0.25229468614223521       -9.0675529069493888E-002  -3.9103910838339181E-008   9.0675474823846580E-002  0.25229461750977944       0.15976148460122450       0.16607183598697584     
 Orbital #:     3
  0.19703388870011548       0.19176325730275789       0.19703388152931445       0.16079328274403512       0.32257781239343120       0.34262814314603762       0.32257779454633834       0.16079325071363332        3.7387224394314598E-003  0.11860573329458632        9.2530394083258374E-002  0.24255501885387276        9.2530341243654182E-002  0.11860566556462702        3.7386605136171111E-003  -7.9681129434490641E-002 -0.11440930002067606      -0.17131402456311862      -0.12127747599256966      -0.18506073465471881      -0.12127754524827218      -0.17131412239227417      -0.11440940104848576       -7.9681189278135972E-002  -9.5881601404754754E-002 -0.11735269858642117      -0.20816841116413370      -0.16453194025808088      -0.23721139396565347      -0.16453197015349674      -0.20816849434485485      -0.11735275125926616       -9.5881656158100403E-002
 Orbital #:     4
  0.19981451467775416       0.24706107492440607       0.19981451467775593        6.3086188368773333E-002  0.19489464706622842        7.5321341507176676E-002  0.19489464706622989        6.3086188368775387E-002   6.3086178717131278E-002  -5.8358686404579078E-002 -0.22835347109980411      -0.21746395086948916      -0.22835347109979987       -5.8358686404575172E-002   6.3086178717131361E-002  0.19981450089074132       0.19489462755715414        7.5321332863902718E-002 -0.21746394622593954      -0.22835345390088174      -0.21746394622593759        7.5321332863900914E-002  0.19489462755715081       0.19981450089073780       0.24706106231170410       0.19981450650234225       0.19489464417413541        6.3086200466870079E-002  -5.8358655573651878E-002   6.3086200466868109E-002  0.19489464417413180       0.19981450650233915       0.24706106231170033     
 Orbital #:     5
 -0.10295447332324871        2.8163448808978691E-008  0.10295451713716479      -0.25712778293861688      -0.21565574222444217        1.3383666283745438E-008  0.21565578023705798       0.25712777655433672      -0.15095541774940230      -0.37162868159473111      -0.20199384907928145       -9.7076614716472525E-009  0.20199382028299623       0.37162862861525858       0.15095536595723913       0.10219080715725748        2.5493335898250494E-002   9.3880771874748886E-002  -6.8095166481595318E-002   2.8796295078473632E-008   6.8095176189267942E-002  -9.3880785258416005E-002  -2.5493401020471974E-002 -0.10219085108004909       0.19755470245563470       0.20514531854447701       0.24114913641662949       0.10617241274888121        5.2979474591201932E-008 -0.10617235457244328      -0.24114910930703587      -0.20514531843561484      -0.19755473061909223     
 Orbital #:     6
  0.17744061208614781       0.22811652780699734       0.17744058666445967       -2.5855454329476422E-002  0.15394613105823338       0.10840418031709040       0.15394607780816733       -2.5855517819879308E-002 -0.20975142803068567      -0.21455985510613654      -0.11662115957265541       -7.8629522579826777E-002 -0.11662120944929566      -0.21455994686927832      -0.20975146530483124      -0.17788153449030381      -0.26373643308341504       -5.4202105507385648E-002   3.9314784112457063E-002  0.23324239848228751        3.9314767298288519E-002  -5.4202082326193946E-002 -0.26373642678855114      -0.17788150925718171      -0.11405830818265898        4.4086773555499165E-004  0.10979027188215416       0.23560691379319920       0.42911981117722703       0.23560694000945270       0.10979033142708031        4.4091839036398760E-004 -0.11405825940213395     
 Orbital #:     7
 -0.12421691630739788       -3.8670267691240166E-008  0.12421687330025209      -0.13491474379755664      -0.21766759685035172        2.5156511978528345E-008  0.21766760166165083       0.13491474160504838       -7.7166740924712374E-002  -4.0963831302308337E-002  0.17630497324608951        3.6609045130138974E-008 -0.17630495334005336        4.0963826677211351E-002   7.7166719171770967E-002 -0.25256261156223819       -8.7527313491691100E-002  0.22280770520815474       0.32424117171729128       -1.9906033528662730E-008 -0.32424120832633491      -0.22280773036466955        8.7527274221803411E-002  0.25256261202841251      -0.34249717539641777      -0.12834569239478688       0.13014032537052270        5.7748025017395899E-002   4.6250961411912677E-009  -5.7748001071949794E-002 -0.13014029091193674       0.12834573493576715       0.34249721406669376     
 Orbital #:     8
 -0.21991751090683431      -0.39548169580900627      -0.21991753519874119       -1.1211384484759623E-002   2.4602658864518349E-002  0.25727619216944114        2.4602616297357473E-002  -1.1211410868737380E-002 -0.11123388190645971       -2.3650467049399486E-002  0.10178970023885191       0.37440147635443316       0.10178973471711449       -2.3650475060297996E-002 -0.11123389699720751        2.3837986127636782E-003 -0.20080698198928087      -0.12863812249356280      -0.18720077539865265      -0.20357943666725359      -0.18720071198992996      -0.12863807892120732      -0.20080699910614291        2.3837492215317267E-003  0.19774087705956930       0.21753375760606561       0.17620433913111982       0.12244529516992481        4.7300965644988376E-002  0.12244530646314239       0.17620436458139754       0.21753373250672733       0.19774081008069411     
 Orbital #:     9
  0.18954819179975149       -9.4857947166316197E-016 -0.18954819179975227       0.16898446171959294       0.31965982184462316       -5.3143546574660778E-015 -0.31965982184462094      -0.16898446171958184      -0.16898446322524369       -5.7400285599338010E-009  -6.3680873442867744E-009  -1.0529746745799388E-014   6.3680807118473907E-009   5.7400436906669711E-009  0.16898446322525482      -0.18954818980020111      -0.31965981912180419        6.8567015558075952E-010  -4.9899919496658540E-009   1.6180049369146007E-015   4.9899875932529687E-009  -6.8567038406649166E-010  0.31965981912181163       0.18954818980019905       -2.1276521841464496E-009  0.18954818920608310       0.31965982269314991       0.16898446578452581        6.5581010460818024E-015 -0.16898446578451962      -0.31965982269315285      -0.18954818920609226        2.1276418869444997E-009
 Orbital #:    10
  -8.3711500071333780E-002 -0.16405448056181454       -8.3711500071324843E-002  0.21870205697740833        2.9265032453469696E-002 -0.11242381855009324        2.9265032453485811E-002  0.21870205697741721       0.21870205771429521       0.35524690542001924       -6.3607091086582204E-002 -0.22835242636760453       -6.3607091086581857E-002  0.35524690542002252       0.21870205771428855       -8.3711504682207588E-002   2.9265039307312970E-002 -0.11242380579068302      -0.22835241220927358       -6.3607086851134031E-002 -0.22835241220927616      -0.11242380579068592        2.9265039307299651E-002  -8.3711504682212667E-002 -0.16405449182014795       -8.3711506007353415E-002   2.9265034640759951E-002  0.21870205233186824       0.35524689971569756       0.21870205233187415        2.9265034640772285E-002  -8.3711506007343367E-002 -0.16405449182014337     
 Orbital #:    11
 -0.12628681074557491      -0.33287586923611651      -0.12628681074557799       -1.4244811836854698E-003  0.17839563443907588       0.27419016905956406       0.17839563443907369       -1.4244811836831310E-003  -1.4244799601263328E-003 -0.18039849070916084      -0.13873435152375288       -2.2574135880898565E-003 -0.13873435152375110      -0.18039849070915456       -1.4244799601260626E-003 -0.12628682736716415       0.17839563694319810       0.27419018414366791       -2.2574216860822972E-003 -0.13873437452516293       -2.2574216860868201E-003  0.27419018414366214       0.17839563694319210      -0.12628682736716282      -0.33287588849614724      -0.12628680960166128       0.17839565907542154       -1.4244803441333172E-003 -0.18039851623238978       -1.4244803441330663E-003  0.17839565907542193      -0.12628680960165606      -0.33287588849614019     
 Orbital #:    12
  0.18919434598881366       -1.1774202592912074E-007 -0.18919443044713666        1.6284253228361162E-002  0.27116247443318825        8.2544604349144329E-008 -0.27116233729280337       -1.6284228163521798E-002   3.8700594472595037E-002 -0.24819114082200744      -0.25526558981062908       -3.4161489867273194E-008  0.25526548512297198       0.24819103903567036       -3.8700596987452034E-002  -8.3723576271597430E-003  0.30277964187016776       0.20127290130743750       -8.3297777788571448E-002   1.0468765605741368E-007   8.3297811950064374E-002 -0.20127298385203501      -0.30277954362960940        8.3725162428666695E-003 -0.28709664734853635      -0.19756686641644827        3.1617057292020363E-002   2.2416337865774225E-002   1.0178633308038255E-007  -2.2416360415757709E-002  -3.1617292672955363E-002  0.19756679225905532       0.28709676509055215     
 Orbital #:    13
 -0.11889916315817291      -0.33151073867216457      -0.11889902876656082        3.5285880426612438E-002  0.19306397553596027       0.23240998733570542       0.19306416815241989        3.5285891993898720E-002  -3.5403885206078812E-003 -0.14329311158368807      -0.14737754251150051       -9.6184011814891404E-002 -0.14737772383583689      -0.14329328788278767       -3.5403610301759036E-003  0.22329668808749206       0.13830140376227987      -0.11620504604660513        4.8092035343787996E-002  0.29475525016413628        4.8091976174353200E-002 -0.11620490307516003       0.13830161883756661       0.22329668214024664       0.16575544425439240      -0.10439753944632126      -0.33136556878591927       -3.1745516395261270E-002  0.28658638227681699       -3.1745500472116564E-002 -0.33136554632709525      -0.10439767978517922       0.16575524031922675     
 Orbital #:    14
 -0.15249242341367650        1.2907573148754257E-007  0.15249249425520051        4.0492462109670613E-002 -0.19412021993769524        4.6213659437653917E-008  0.19412002851058563       -4.0492728746008518E-002  0.22564210882224373       0.24655811734284661      -0.13497385342739482        2.5028926198504465E-007  0.13497394103617694      -0.24655827737870509      -0.22564201492843838      -0.13081693650067622        5.0400545924181341E-002  -7.1198791389043975E-002 -0.38560663283710422       -8.7608783456282362E-008  0.38560638254784441        7.1198745175387504E-002  -5.0400261211546636E-002  0.13081704954949239      -0.19885974603128087        2.1675370424929924E-002  0.24452047652146819       0.18514955251513029        1.6003585978244876E-007 -0.18514937977259377      -0.24452056980698772       -2.1675554315276211E-002  0.19885961695554377     
 Orbital #:    15
  -6.3012978178984172E-002 -0.22962338207628186       -6.3012806741074942E-002  0.23717062002408154       0.17027256450464140       -8.2213256774685245E-002  0.17027278274197996       0.23717057450074391       -8.3517558681517487E-002  0.14235057752249666       -7.7927291133145379E-002 -0.44526004205370556       -7.7927139390282063E-002  0.14235030033225682       -8.3517812357030555E-002 -0.10055596853573981      -0.25324927082109838        4.1106587824633875E-002  0.22262980367782570       0.15585443153810286       0.22263023719154118        4.1106667869036002E-002 -0.25324932748317813      -0.10055582146622861       0.11481158135397983       0.16356880207846003        8.2976758602297543E-002 -0.15365281035804845      -0.28470088357418355      -0.15365301851022289        8.2976483702889500E-002  0.16356877771006889       0.11481180491970752     
 Orbital #:    16
 -0.29889329856293539       -3.2326239691419113E-008  0.29889331700476018       0.30339919789611486        1.7089866884388929E-003  -1.8828127594950478E-007  -1.7089322489914076E-003 -0.30339888308851753       -5.5527176753413413E-002   2.6424017552118716E-002 -0.27320637141704762       -1.8137026672058109E-008  0.27320657893755135       -2.6424037623123616E-002   5.5526673668628949E-002 -0.16158607336770006       -3.4981054939035597E-002  0.24787759052794778        2.3877909011868738E-002  -2.0752050518095533E-007  -2.3877890874839647E-002 -0.24787740224667468        3.4981025772190491E-002  0.16158640469411611        4.2558402018739776E-002  0.13730689457062878       -3.6690010894067655E-002 -0.35892587157166345        2.0071002532022746E-008  0.35892605984884923        3.6689985621465492E-002 -0.13730724433887134       -4.2558369692503387E-002
 Orbital #:    17
  -1.4017782510638788E-002   4.9142191130589742E-002  -1.4017389280476914E-002 -0.23928428667479812       -4.1379292365361878E-002  0.28622427883345369       -4.1379294613703779E-002 -0.23928468583279486       0.38239348506796444        1.5255937667615401E-002 -0.15773601091898298        2.7571823814852830E-002 -0.15773565148292082        1.5255902903621294E-002  0.38239355812030346      -0.25184051018827197        2.2169626379564152E-002 -0.14311197509405760       -1.3785896386435256E-002  0.31547166513396291       -1.3785927800693818E-002 -0.14311230120679208        2.2169672401342468E-002 -0.25184029760206728       -2.4571066257971924E-002  0.26585808240111775        1.9209620583168587E-002 -0.14310926843231619       -3.0511839545050056E-002 -0.14310879622190811        1.9209668853286767E-002  0.26585790175708907       -2.4571122248662213E-002
 Orbital #:    18
 -0.29001398545622997        1.6705387073656652E-015  0.29001398545622786       0.28660059236501750        2.0461060184239693E-002   1.2073675392798577E-014  -2.0461060184245247E-002 -0.28660059236503543      -0.28660059376847780       -7.6756396377719582E-010  -7.4593102875053496E-010   2.1024848528838902E-015   7.4591717524885581E-010   7.6756511910303082E-010  0.28660059376850894       0.29001398439468468       -2.0461060141884129E-002  -2.4293930062091462E-010   9.0367767782706387E-010   1.4075546284075813E-014  -9.0367959990067526E-010   2.4292721653718097E-010   2.0461060141887227E-002 -0.29001398439470399       -6.8106218668179119E-010 -0.29001398717953852        2.0461058878631901E-002  0.28660059236969254       -1.5300261058115439E-015 -0.28660059236970531       -2.0461058878630371E-002  0.29001398717956106        6.8105821589975468E-010
 Orbital #:    19
 -0.10505423450529824       0.16332195517587761      -0.10505421418361330       0.38667399025341859      -0.12164834944825220      -0.13058566295502844      -0.12164836108934979       0.38667398575644435      -0.16606352999497470       -6.1938937834658751E-002 -0.14463714428492391       0.34267949825447791      -0.14463710851225278       -6.1938922515474934E-002 -0.16606358006094268       -7.0720709528194980E-002  0.13142559280242397        6.5292821557554434E-002 -0.17133972651560406       0.28927425345979269      -0.17133976889256744        6.5292837706251453E-002  0.13142560202533513       -7.0720686375973132E-002  -8.1660967440701920E-002  0.17577492141971310       -9.7772501323317110E-003 -0.22061041183266836       0.12387785938398369      -0.22061045740166130       -9.7772292683164144E-003  0.17577492425024216       -8.1660987637669699E-002
 Orbital #:    20
 -0.14231430388771518       -1.1660727366330503E-008  0.14231431888886564        3.1492629832197777E-002   8.1523504171977845E-002   9.3234484542514817E-009  -8.1523486801278799E-002  -3.1492685047064276E-002  0.35061583976492644      -0.10728136937267235      -0.25051884152045967       -2.4466350057039676E-008  0.25051886217382491       0.10728137821720274      -0.35061581605198572      -0.16213677665426268       -6.4588830218453963E-002 -0.11309050221795570       0.29676916196418718       -2.0653377542922957E-008 -0.29676913749783373       0.11309049289452672        6.4588811451615158E-002  0.16213678675276411       0.14144096928135075       -1.9822484492696787E-002 -0.14611231478521966       0.31912318321403543       -8.8445235232881281E-009 -0.31912315171210759       0.14611231618133952        1.9822459393025994E-002 -0.14144095762060849     
 Orbital #:    21
  0.15216389986296808      -0.24249018650376214       0.15216389986297982        1.2607643895696002E-002  0.14630639741407389      -0.35865353272734635       0.14630639741406473        1.2607643895697490E-002   1.2607650793758933E-002 -0.15802500699973479       0.17736750087576650        5.6285672834004092E-003  0.17736750087577036      -0.15802500699972730        1.2607650793744051E-002  0.15216384829530094       0.14630639585803465      -0.35865348371330963        5.6285674482997794E-003  0.17736745766618936        5.6285674482909991E-003 -0.35865348371330213       0.14630639585803484       0.15216384829530996      -0.24249014893782864       0.15216390313968606       0.14630635903419226        1.2607646012961771E-002 -0.15802497225257725        1.2607646012948736E-002  0.14630635903419870       0.15216390313968375      -0.24249014893783349     
 Orbital #:    22
  0.14400556766602540      -0.22615974881766293       0.14400610916095291       -1.1823373976900047E-002  0.13271927696596122      -0.30981426847296090       0.13271891422423068       -1.1823441441050053E-002   3.9756613115313054E-002 -0.12633666367645918       0.15043071472570782       -6.1379306189018774E-003  0.15043026493864534      -0.12633628593049120        3.9756597059235892E-002 -0.34365604440001840       0.11561814371706322       0.15490695689731410        3.0689603320684399E-003 -0.30086103785477547        3.0689695082790863E-003  0.15490742006952346       0.11561776393119629      -0.34365598894122595       0.11307974168423582       0.19965037879493608      -0.24833708538300017       -2.7933230919722052E-002  0.25267300242762619       -2.7933179511656716E-002 -0.24833710242713555       0.19964989275879941       0.11308007979297040     
 Orbital #:    23
  0.31367807702098033       -1.9520714711707016E-007 -0.31367782842706271       -3.9080740944833277E-002 -0.21012943027752443       -2.6741257615677485E-007  0.21012965938740122        3.9080720534373510E-002  -9.3009599340815145E-003  0.21882111408459726      -0.26055315295476911       -5.2978783663696816E-009  0.26055341263941217      -0.21882133217631036        9.3010285649766794E-003   3.2125954949589253E-002 -0.22000279640413631       0.26830719219869276        5.3156041942740507E-003  -2.5968469071479287E-007  -5.3155988963937929E-003 -0.26830692478603196       0.22000299599271875       -3.2126548194951053E-002  0.19586020452263805      -0.28155153349484907       -9.8735611818938761E-003   2.9779706283353743E-002   2.1809175422182991E-007  -2.9779754503798404E-002   9.8731324833649155E-003  0.28155187814622706      -0.19586000931543368     
 Orbital #:    24
  0.11866143413233873      -0.14096702718156595       0.11866143413235705      -0.27566338992014833        2.2023457251075761E-002  0.12762172753814799        2.2023457251054243E-002 -0.27566338992013051      -0.27566342055719922       0.25972031680915514       0.10219083531189292      -0.19535854351423829       0.10219083531188604       0.25972031680915403      -0.27566342055721021       0.11866147624494731        2.2023490300594199E-002  0.12762165809246506      -0.19535847162615372       0.10219077446911531      -0.19535847162614281       0.12762165809245224        2.2023490300603701E-002  0.11866147624495414      -0.14096710559132231       0.11866151809840970        2.2023443667438043E-002 -0.27566337980548078       0.25972031967176928      -0.27566337980547634        2.2023443667432099E-002  0.11866151809842783      -0.14096710559133763     
 Orbital #:    25
 -0.27474725277168643       0.33445135437525086      -0.27474725217056895        4.0283593484064351E-002  -2.8694629538281596E-002  0.27867073771936551       -2.8694630216880988E-002   4.0283594043388750E-002 -0.14759777026893181       -1.0082559332474081E-002  0.13285393515310348      -0.30521990416323719       0.13285393427857622       -1.0082559266103281E-002 -0.14759777012184935        3.9491089502072718E-004  0.16898253601954044      -0.13933540021354876       0.15260999631880312      -0.26570791348133177       0.15260999732337721      -0.13933540113074072       0.16898253577467579        3.9491209986539821E-004 -0.16722564366694270       0.27435228509812420      -0.14028791297798943       0.10731430502259741        2.0164993930370349E-002  0.10731430461034121      -0.14028791254423922       0.27435228570183806      -0.16722564476772706     
 Orbital #:    26
  0.15816936256989217        6.3553340545982882E-010 -0.15816936361405584       0.14717355429024753      -0.17855737688752221        5.2954219618961080E-010  0.17855737677847242      -0.14717355413716515        3.8700199407146557E-002   1.7463433044343512E-002 -0.23010978913353122       -5.7999586433741111E-010  0.23010978963844730       -1.7463433082651331E-002  -3.8700199968100736E-002  0.31702276762166504       -6.4428412907907601E-002 -0.24133595399758989       0.26432821621515273       -5.0490896744794580E-010 -0.26432821563516912       0.24133595346805262        6.4428413550123687E-002 -0.31702276762015796      -0.28964335309749889       0.15885340476440277       0.11412896290001462      -0.10847335400854176        3.8325527135679458E-011  0.10847335441637443      -0.11412896343317645      -0.15885340372172224       0.28964335246195100     
 Orbital #:    27
 -0.21593989579767092        8.6240078801513570E-015  0.21593989579765582      -0.23658194448970665       0.25311185370154554        1.8120466673449905E-016 -0.25311185370154821       0.23658194448972442       0.23658194962864121       -4.0546412038344176E-009   4.4615873045970774E-009   2.7711053181641063E-015  -4.4615916247106206E-009   4.0546293636267706E-009 -0.23658194962863258       0.21593989575476313      -0.25311185272703896       -6.3580853453153938E-010  -2.1152112255390725E-009  -4.6192967255676136E-015   2.1152230816909819E-009   6.3580144640466718E-010  0.25311185272703846      -0.21593989575476441       -2.5142243013180360E-009 -0.21593989408501738       0.25311185417021537      -0.23658194863854326       -5.6606971649687055E-015  0.23658194863855725      -0.25311185417021814       0.21593989408501690        2.5142254851407493E-009
 Orbital #:    28
  0.23080980583555905      -0.21970863938327453       0.23080980583556879        6.4611179140304772E-002 -0.16146510252101717        6.4770744106665362E-002 -0.16146510252103574        6.4611179140334915E-002   6.4611326215747236E-002   5.9230992278199730E-002 -0.26194573328030346       0.20421689663620790      -0.26194573328028981        5.9230992278171635E-002   6.4611326215765402E-002  0.23081005028071078      -0.16146532975410896        6.4770866167722027E-002  0.20421693006984598      -0.26194592201105610       0.20421693006984501        6.4770866167710647E-002 -0.16146532975410913       0.23081005028070331      -0.21970881359895450       0.23080992646165263      -0.16146512492549051        6.4610990794376127E-002   5.9231311356689950E-002   6.4610990794363193E-002 -0.16146512492547055       0.23080992646163204      -0.21970881359894062     
 Orbital #:    29
 -0.20114870060147524       0.18999237810082520      -0.20114875527042100        2.2694876697644945E-002  0.13996936854715808      -0.13763088873539636       0.13996945996337667        2.2694727055136667E-002  0.26962051232615142      -0.17851740841374511       0.10553836742542626       -3.5939810272714062E-002  0.10553828311155258      -0.17851726579723767       0.26962042843950823       0.20322023638263312      -0.24162713037994399        6.8815357396674118E-002   1.7969713977031950E-002 -0.21107617839252985        1.7969728333045366E-002   6.8815412372942419E-002 -0.24162714058220197       0.20322028939642203       -9.4995956745870816E-002  -2.0720008044602420E-003  0.10165806523129522      -0.29231542318582998       0.35703456732030669      -0.29231535742997217       0.10165796361282518       -2.0718931217304937E-003  -9.4996032637759298E-002
 Orbital #:    30
  0.11852555990000897       -4.3816243561135539E-008 -0.11852546712174357       0.32443381669023780      -0.19819580827257768        3.1740577749842607E-008  0.19819574371278939      -0.32443382715803054       0.18187115403551271      -0.30920099536897572       0.18279744488420574        8.2884826946071492E-009 -0.18279749356293687       0.30920107770867561      -0.18187127839579403      -0.11493707998425823        2.2119155384987352E-002 -0.11919182945746476       -3.1124685946289695E-002   4.8678587674210955E-008   3.1124677657918293E-002  0.11919179771692323       -2.2119043936417011E-002  0.11493698625055783       0.16453813373098342      -0.23346254236230199       0.22031484737655679      -0.14256253401659078       -8.2339667192025034E-008  0.14256266884473337      -0.22031489426551620       0.23346254331799013      -0.16453808991485885     
 Orbital #:    31
 -0.22053802549718537       0.17502094373680704      -0.22053843464789011      -0.20034428739357024       0.29011326567766993      -0.34495680723260946       0.29011413922928231      -0.20034621126311550       -1.0005187575546706E-002  0.11492152507057755       -9.5560382876478042E-002  0.20319646021030291       -9.5562885809604675E-002  0.11492453511381498       -1.0008773213551295E-002   8.6838686502670626E-002  -9.5030852144651040E-002  0.17248066438296783      -0.10159956241806081       0.19112326952250100      -0.10159690137549296       0.17247614685972432       -9.5026616066055114E-002   8.6835593778605974E-002  -8.7511618226049123E-002  0.13370243115521208      -0.19508664966526604       0.21035305838280391      -0.22984605636312419       0.21035139661427346      -0.19508328713820025       0.13369974758182437       -8.7509326167572052E-002
 Orbital #:    32
  -2.7058581637259008E-002   1.3233205795582480E-006   2.7055246690341567E-002 -0.12722596379622880        5.7769687602963839E-002  -2.6081932363343496E-006  -5.7765300545913015E-002  0.12722293420462036      -0.23711637151303547       0.19905339504510700      -0.16551833215026032        1.5363536004886318E-006  0.16551688708118040      -0.19905165719582665       0.23711622018894205      -0.20451950793555948       0.28012886076312338      -0.29874005688033600       0.17597253298908214        1.4450690888076836E-006 -0.17597406934271240       0.29874266507360303      -0.28013029777376824       0.20452082107411532       0.15157192190000771      -0.17746224121441870       0.22236061543829705      -0.10989026092548362       -1.7378492529682155E-006  0.10989344184115561      -0.22236356548470587       0.17746426302277102      -0.15157324522059157     
 Orbital #:    33
  -8.7620006734882044E-002   6.1829505588792688E-002  -8.7620006734880768E-002 -0.14494208783537277       0.15244239230207551      -0.21700150528793324       0.15244239230207457      -0.14494208783537199      -0.14494208610161596       0.18991028658101786      -0.27385960079747712       0.25982201566872820      -0.27385960079747723       0.18991028658101633      -0.14494208610161391       -8.7620006005933324E-002  0.15244239087037434      -0.21700150755305816       0.25982201795167148      -0.27385959866163556       0.25982201795167137      -0.21700150755305667       0.15244239087037237       -8.7620006005932255E-002   6.1829505740230453E-002  -8.7620006323248040E-002  0.15244239276807262      -0.14494208661164351       0.18991028364665374      -0.14494208661164321       0.15244239276807198       -8.7620006323246916E-002   6.1829505740229503E-002
