          18          18
 Orbital #:     1
 -0.11834223163127890      -0.13670551123895067      -0.13670551123895050      -0.19254395372418009      -0.19254395372418018      -0.30364933995954196      -0.35673480924447720      -0.27839659533687322      -0.27839659533687305      -0.27839659533686695      -0.27839659533686678      -0.35673480924445711      -0.30364933995950810      -0.19254395372415348      -0.19254395372415339      -0.13670551123892841      -0.13670551123892827      -0.11834223163125847     
 Orbital #:     2
  0.22787478821378720       0.24147015220219506       0.24147015220219470       0.28019080005033797       0.28019080005033781       0.34966916012229837       0.20824218056647714        6.6371363983213610E-002   6.6371363983213402E-002  -6.6371363983254966E-002  -6.6371363983255049E-002 -0.20824218056652344      -0.34966916012231936      -0.28019080005034336      -0.28019080005034352      -0.24147015220219267      -0.24147015220219248      -0.22787478821378263     
 Orbital #:     3
  0.28616423051901674       0.26475482113152843       0.26475482113152787       0.20565857954741903       0.20565857954741870       0.11713445343496456      -0.21933752420845420      -0.25641711151593372      -0.25641711151593383      -0.25641711151592611      -0.25641711151592628      -0.21933752420843319       0.11713445343499042       0.20565857954743499       0.20565857954743508       0.26475482113153698       0.26475482113153709       0.28616423051902345     
 Orbital #:     4
 -0.34765405781582653      -0.24021590605759732      -0.24021590605759588        9.9108578949873537E-003   9.9108578949886339E-003  0.25201342386564118       0.38542335894340612       0.16042274059795122       0.16042274059795167      -0.16042274059796310      -0.16042274059796258      -0.38542335894341162      -0.25201342386562708       -9.9108578949777919E-003  -9.9108578949782498E-003  0.24021590605759627       0.24021590605759552       0.34765405781582132     
 Orbital #:     5
  -3.8943716628348607E-015 -0.22986096636613346       0.22986096636612946      -0.23112876024146006       0.23112876024146409        3.8808987457727404E-015  -2.0408742772698303E-017  0.37913511091819990      -0.37913511091820357       0.37913511091819591      -0.37913511091819962       -2.3826194800066122E-016   3.9573115984126708E-015 -0.23112876024041246       0.23112876024041690      -0.22986096636508643       0.22986096636508252       -3.9058384903263319E-015
 Orbital #:     6
   8.2962127250198141E-015  0.35353631880902270      -0.35353631880901459       0.35356841919040793      -0.35356841919041743       -8.4948029842105847E-015   1.0969213012295950E-015  -1.2017628745136857E-003   1.2017628745220922E-003   1.2017628762132620E-003  -1.2017628762067620E-003  -6.9941086432053773E-016  -8.7245318734820583E-015 -0.35356841919063431       0.35356841919062587      -0.35353631880922615       0.35353631880923503        8.9043167967493165E-015
 Orbital #:     7
  -3.1909388039445345E-014 -0.26865592758062212       0.26865592758059065      -0.26752358613854693       0.26752358613858018        3.2129745865067260E-014  -8.4021084791803341E-016 -0.32596797915599862       0.32596797915597059      -0.32596797915599662       0.32596797915596903       -1.6427908884243263E-016   3.1863972176511667E-014 -0.26752358613916472       0.26752358613919736      -0.26865592758123941       0.26865592758120743       -3.1884951099687258E-014
 Orbital #:     8
  0.38536817691205449       0.19086406053873486       0.19086406053880028      -0.19516660079163864      -0.19516660079157347      -0.38446113515767849        5.8976437011841144E-003  0.16523927837490959       0.16523927837495597       0.16523927837489566       0.16523927837494193        5.8976437011570553E-003 -0.38446113515767760      -0.19516660079161452      -0.19516660079158124       0.19086406053875385       0.19086406053878732       0.38536817691205399     
 Orbital #:     9
 -0.28776075929177314       -9.3679679501694604E-002  -9.3679679501695701E-002  0.23224181996614277       0.23224181996614188       0.24594094080648438      -0.36425344577627294      -0.22203821259153408      -0.22203821259153458       0.22203821259154169       0.22203821259154119       0.36425344577627156      -0.24594094080650089      -0.23224181996615004      -0.23224181996614945        9.3679679501701946E-002   9.3679679501702307E-002  0.28776075929178757     
 Orbital #:    10
 -0.28776075929178918        9.3679679501703694E-002   9.3679679501702959E-002  0.23224181996614943       0.23224181996615006      -0.24594094080650361      -0.36425344577626823       0.22203821259154150       0.22203821259154116       0.22203821259153356       0.22203821259153358      -0.36425344577626934      -0.24594094080648737       0.23224181996614224       0.23224181996614177        9.3679679501696700E-002   9.3679679501696922E-002 -0.28776075929177541     
 Orbital #:    11
  0.38536817691205510      -0.19086406053879457      -0.19086406053874813      -0.19516660079157389      -0.19516660079162007       0.38446113515767849        5.8976437011541210E-003 -0.16523927837493863      -0.16523927837489677       0.16523927837495223       0.16523927837491062       -5.8976437011817196E-003 -0.38446113515767932       0.19516660079157988       0.19516660079163078       0.19086406053879346       0.19086406053874261      -0.38536817691205494     
 Orbital #:    12
  -3.0602261780895606E-014 -0.26865592758188295       0.26865592758191381       0.26752358613987304      -0.26752358613984173       -3.0898048015855319E-014  -5.6742443382442099E-016 -0.32596797915565506       0.32596797915568138       0.32596797915566178      -0.32596797915568709        8.3302608008169248E-017   3.0413900906119776E-014 -0.26752358613828298       0.26752358613825206       0.26865592758029455      -0.26865592758032464        3.0330861472436286E-014
 Orbital #:    13
  -1.8298156557606495E-015  0.35353631880885411      -0.35353631880885200      -0.35356841919025350       0.35356841919025450       -1.6550865159082336E-015   8.5243587243041316E-016  -1.2017628766442245E-003   1.2017628766445299E-003  -1.2017628740843556E-003   1.2017628740834396E-003   5.6681762070642380E-016   1.0030675860103837E-015 -0.35356841919078974       0.35356841919078841       0.35353631880939618      -0.35353631880939695        8.0057411524136221E-016
 Orbital #:    14
  -5.0118708088853346E-015 -0.22986096636487308       0.22986096636487843       0.23112876024021020      -0.23112876024020465       -5.2491220940831732E-015   1.1695934298977065E-016  0.37913511091846847      -0.37913511091846430      -0.37913511091847174       0.37913511091846752        1.6633975416735778E-016   4.9205143629971965E-015 -0.23112876024123086       0.23112876024122558       0.22986096636589520      -0.22986096636589981        4.8138766487306240E-015
 Orbital #:    15
  0.34765405781582098      -0.24021590605759638      -0.24021590605759743       -9.9108578949747735E-003  -9.9108578949735713E-003  0.25201342386562275      -0.38542335894341373       0.16042274059796535       0.16042274059796510       0.16042274059795200       0.16042274059795250      -0.38542335894340707       0.25201342386563830       -9.9108578949860787E-003  -9.9108578949849389E-003 -0.24021590605759632      -0.24021590605759746       0.34765405781582615     
 Orbital #:    16
 -0.28616423051902540       0.26475482113153975       0.26475482113154031      -0.20565857954744055      -0.20565857954744085       0.11713445343500027       0.21933752420842356      -0.25641711151592100      -0.25641711151592128       0.25641711151593027       0.25641711151593033      -0.21933752420844921      -0.11713445343496959       0.20565857954742209       0.20565857954742151      -0.26475482113152959      -0.26475482113152915       0.28616423051901740     
 Orbital #:    17
  0.22787478821378121      -0.24147015220219123      -0.24147015220219178       0.28019080005034441       0.28019080005034430      -0.34966916012232380       0.20824218056653188       -6.6371363983261031E-002  -6.6371363983261225E-002  -6.6371363983209697E-002  -6.6371363983209974E-002  0.20824218056647389      -0.34966916012229632       0.28019080005033659       0.28019080005033653      -0.24147015220219328      -0.24147015220219353       0.22787478821378587     
 Orbital #:    18
 -0.11834223163125111       0.13670551123892044       0.13670551123892075      -0.19254395372414526      -0.19254395372414551       0.30364933995950033      -0.35673480924445827       0.27839659533687156       0.27839659533687161      -0.27839659533687983      -0.27839659533687966       0.35673480924448397      -0.30364933995954330       0.19254395372417898       0.19254395372417993      -0.13670551123894875      -0.13670551123894925       0.11834223163127723     
