          20          20
 Orbital #:     1
  -5.5727304741606795E-002  -9.0796704920907578E-002 -0.14036469232149251      -0.17227832106943686      -0.21381282530256754      -0.23869948776794186      -0.26862834503025690      -0.28450000491822547      -0.30014765566177642      -0.30558948549439569      -0.30558948549440140      -0.30014765566178819      -0.28450000491824418      -0.26862834503027816      -0.23869948776796432      -0.21381282530258811      -0.17227832106945343      -0.14036469232150653       -9.0796704920916835E-002  -5.5727304741612381E-002
 Orbital #:     2
  0.11018269623038388       0.17350634355155944       0.24969155797458853       0.28503448022651501       0.30639936562853037       0.29966605037729871       0.25891926154306522       0.21280622661170673       0.12358604744194350        5.3714941549726440E-002  -5.3714941549709176E-002 -0.12358604744192637      -0.21280622661168996      -0.25891926154304828      -0.29966605037728167      -0.30639936562851222      -0.28503448022649697      -0.24969155797457307      -0.17350634355154826      -0.11018269623037666     
 Orbital #:     3
 -0.16195833874456797      -0.24067056335105788      -0.30291048530775744      -0.29938459251337718      -0.22399052386227078      -0.13805540087185839        1.9977802313849404E-002  0.12435855506472612       0.24924860579849917       0.29536621560026854       0.29536621560027293       0.24924860579850777       0.12435855506473643        1.9977802313856995E-002 -0.13805540087185939      -0.22399052386227755      -0.29938459251339100      -0.30291048530777348      -0.24067056335107168      -0.16195833874457721     
 Orbital #:     4
  0.20945343990841520       0.28622339909219568       0.28613923200066810       0.21075639739519220        1.1789204015636556E-002 -0.12511956908175637      -0.27791685503766395      -0.30551269230359418      -0.22350332094635936      -0.10764800669091207       0.10764800669088939       0.22350332094634190       0.30551269230358874       0.27791685503766600       0.12511956908176516       -1.1789204015626590E-002 -0.21075639739518415      -0.28613923200066210      -0.28622339909219119      -0.20945343990841211     
 Orbital #:     5
 -0.25069554172893660      -0.30611832805970113      -0.20004482966242476       -5.0488753928798584E-002  0.20824252975949881       0.29457947154809727       0.24189670378221237       0.10751906073085722      -0.16100678712012736      -0.27338014001959088      -0.27338014001959765      -0.16100678712013985       0.10751906073084541       0.24189670378220562       0.29457947154810110       0.20824252975950452       -5.0488753928795475E-002 -0.20004482966242348      -0.30611832805970057      -0.25069554172893627     
 Orbital #:     6
 -0.28287504517704271      -0.29874274008236773       -6.0947616913826996E-002  0.12542841099851226       0.30338175477178736       0.24743900657704451       -5.4102551591493804E-002 -0.22056285143276658      -0.28286502395840574      -0.16258337973785714       0.16258337973784301       0.28286502395839935       0.22056285143277590        5.4102551591505968E-002 -0.24743900657704107      -0.30338175477178891      -0.12542841099851584        6.0947616913824013E-002  0.29874274008236690       0.28287504517704276     
 Orbital #:     7
 -0.30142045743010376      -0.26525544210003210        9.9853130674093626E-002  0.25654922078534548       0.20699377117459591        2.3228108859081630E-002 -0.29021603361775850      -0.27751986249350946        6.1154621516383553E-002  0.23372769104592170       0.23372769104592866        6.1154621516394544E-002 -0.27751986249350408      -0.29021603361775872        2.3228108859076557E-002  0.20699377117459050       0.25654922078534342        9.9853130674094751E-002 -0.26525544210002855      -0.30142045743010060     
 Orbital #:     8
 -0.29812790250273224      -0.20994737185392148       0.23752940088343691       0.30046439662620461       -3.1847526181768067E-002 -0.21130643975761540      -0.19271315422517954       -6.5680212195057342E-003  0.29832654555785326       0.22022234666668408      -0.22022234666667720      -0.29832654555785176        6.5680212194981396E-003  0.19271315422517299       0.21130643975761904        3.1847526181772348E-002 -0.30046439662620644      -0.23752940088344029       0.20994737185392454       0.29812790250273641     
 Orbital #:     9
 -0.25806753250859510      -0.14063101270580911       0.29557722001408371       0.24981963662472609      -0.25270408832601160      -0.29518450945799429       0.14098657029043710       0.26144086398662225        9.1176689769016852E-003 -0.15666333956336320      -0.15666333956338055        9.1176689768817706E-003  0.26144086398663163       0.14098657029045300      -0.29518450945799624      -0.25270408832601904       0.24981963662472639       0.29557722001408793      -0.14063101270581085      -0.25806753250859882     
 Orbital #:    10
 -0.15954014670127645       -6.8075451512027055E-002  0.21640737964205964       0.13505008021609632      -0.25878037319790376      -0.19540121374224578       0.28369123528419038       0.24361884891078023      -0.28948526219700493      -0.27579068680201801       0.27579068680201002       0.28948526219700565      -0.24361884891076793      -0.28369123528418400       0.19540121374223179       0.25878037319789171      -0.13505008021608686      -0.21640737964204748        6.8075451512022989E-002  0.15954014670126707     
 Orbital #:    11
 -0.15954014670126948        6.8075451512024446E-002  0.21640737964204967      -0.13505008021608964      -0.25878037319789138       0.19540121374223271       0.28369123528418339      -0.24361884891076746      -0.28948526219700532       0.27579068680200991       0.27579068680201729      -0.28948526219700371      -0.24361884891077942       0.28369123528418932       0.19540121374224528      -0.25878037319790320      -0.13505008021609757       0.21640737964205972        6.8075451512027860E-002 -0.15954014670127720     
 Orbital #:    12
 -0.25806753250860087       0.14063101270581235       0.29557722001408915      -0.24981963662472928      -0.25270408832601704       0.29518450945799557       0.14098657029045011      -0.26144086398662908        9.1176689768832347E-003  0.15666333956337791      -0.15666333956336267       -9.1176689769010364E-003  0.26144086398662147      -0.14098657029043662      -0.29518450945799329       0.25270408832601066       0.24981963662472717      -0.29557722001408426      -0.14063101270580994       0.25806753250859660     
 Orbital #:    13
 -0.29812790250273541       0.20994737185392420       0.23752940088343844      -0.30046439662620567       -3.1847526181770433E-002  0.21130643975761687      -0.19271315422517438        6.5680212194996158E-003  0.29832654555785237      -0.22022234666667906      -0.22022234666668519       0.29832654555785360        6.5680212195075305E-003 -0.19271315422518109       0.21130643975761446       -3.1847526181766603E-002 -0.30046439662620478       0.23752940088343644       0.20994737185392240      -0.29812790250273274     
 Orbital #:    14
 -0.30142045743010104       0.26525544210003027        9.9853130674090823E-002 -0.25654922078534098       0.20699377117459203       -2.3228108859078594E-002 -0.29021603361775911       0.27751986249350502        6.1154621516394794E-002 -0.23372769104592936       0.23372769104592062       -6.1154621516381277E-002 -0.27751986249351157       0.29021603361775922        2.3228108859083541E-002 -0.20699377117459727       0.25654922078534348       -9.9853130674091253E-002 -0.26525544210003166       0.30142045743010265     
 Orbital #:    15
 -0.28287504517704476       0.29874274008237028       -6.0947616913829765E-002 -0.12542841099851096       0.30338175477178675      -0.24743900657704010       -5.4102551591506932E-002  0.22056285143277676      -0.28286502395839908       0.16258337973784312       0.16258337973785686      -0.28286502395840507       0.22056285143276674       -5.4102551591494324E-002 -0.24743900657704404       0.30338175477178675      -0.12542841099851063       -6.0947616913828204E-002  0.29874274008236734      -0.28287504517704243     
 Orbital #:    16
 -0.25069554172893499       0.30611832805969985      -0.20004482966242565        5.0488753928798841E-002  0.20824252975949989      -0.29457947154809638       0.24189670378220249      -0.10751906073084362      -0.16100678712014077       0.27338014001959793      -0.27338014001959016       0.16100678712012501       0.10751906073086115      -0.24189670378221592       0.29457947154809933      -0.20824252975949917       -5.0488753928800610E-002  0.20004482966242693      -0.30611832805970279       0.25069554172893799     
 Orbital #:    17
 -0.20945343990841461       0.28622339909219513      -0.28613923200066843       0.21075639739519086       -1.1789204015632253E-002 -0.12511956908176167       0.27791685503766672      -0.30551269230359046       0.22350332094634212      -0.10764800669088896      -0.10764800669091272       0.22350332094635891      -0.30551269230359174       0.27791685503766106      -0.12511956908175423       -1.1789204015636946E-002  0.21075639739518939      -0.28613923200066393       0.28622339909219174      -0.20945343990841239     
 Orbital #:    18
 -0.16195833874457008       0.24067056335106177      -0.30291048530776371       0.29938459251338329      -0.22399052386227397       0.13805540087185750        1.9977802313858997E-002 -0.12435855506473766       0.24924860579850769      -0.29536621560027210       0.29536621560026644      -0.24924860579849559       0.12435855506472038       -1.9977802313842191E-002 -0.13805540087186774       0.22399052386228119      -0.29938459251338784       0.30291048530776687      -0.24067056335106582       0.16195833874457366     
 Orbital #:    19
  0.11018269623037341      -0.17350634355154390       0.24969155797456971      -0.28503448022649497       0.30639936562850995      -0.29966605037727623       0.25891926154303513      -0.21280622661167140       0.12358604744190127       -5.3714941549681997E-002  -5.3714941549753023E-002  0.12358604744196762      -0.21280622661172566       0.25891926154308076      -0.29966605037730887       0.30639936562853720      -0.28503448022651623       0.24969155797458692      -0.17350634355155664       0.11018269623038182     
 Orbital #:    20
  -5.5727304741614969E-002   9.0796704920921539E-002 -0.14036469232151622       0.17227832106946694      -0.21381282530260515       0.23869948776798172      -0.26862834503029359       0.28450000491825694      -0.30014765566179646       0.30558948549440645      -0.30558948549439546       0.30014765566177082      -0.28450000491821292       0.26862834503024113      -0.23869948776792371       0.21381282530254886      -0.17227832106941915       0.14036469232147686       -9.0796704920896421E-002   5.5727304741599787E-002
