          12          12
 Orbital #:     1
  0.11247889705981863       0.18002552213001083       0.26825181582156166       0.31729321212559919       0.36685687334787603       0.38434531924156040       0.38434531924155996       0.36685687334787659       0.31729321212560085       0.26825181582156388       0.18002552213001377       0.11247889705982081     
 Orbital #:     2
  0.21763894112075516       0.31860127723134291       0.38620860976393423       0.36556832340893547       0.23758875485438175       0.10899913616780130      -0.10899913616779436      -0.23758875485437680      -0.36556832340893486      -0.38620860976393578      -0.31860127723134707      -0.21763894112075854     
 Orbital #:     3
 -0.30684572482429157      -0.38408042755130023      -0.28030799858688904      -0.10799238734900539       0.21552949416596257       0.34876931297995445       0.34876931297995500       0.21552949416596473      -0.10799238734900048      -0.28030799858688310      -0.38408042755129551      -0.30684572482428785     
 Orbital #:     4
 -0.36714257160503089      -0.36289977127238582        1.4502413386215584E-003  0.23216499526258816       0.36313415223396600       0.21849711069438407      -0.21849711069438502      -0.36313415223396794      -0.23216499526259068       -1.4502413386231353E-003  0.36289977127238726       0.36714257160503155     
 Orbital #:     5
 -0.37296419457552266      -0.26525941368307532       0.29081668228967145       0.37507562514947862       -2.6272297491178806E-002 -0.25414336922775571      -0.25414336922775649       -2.6272297491180381E-002  0.37507562514947740       0.29081668228967106      -0.26525941368307387      -0.37296419457551983     
 Orbital #:     6
 -0.26820054411014133      -0.12848136893474235       0.34019825555541156       0.24380351336088754      -0.36049689187922673      -0.32623303129977099       0.32623303129977188       0.36049689187922779      -0.24380351336088807      -0.34019825555541167       0.12848136893474252       0.26820054411014094     
 Orbital #:     7
 -0.26820054411014382       0.12848136893474466       0.34019825555541433      -0.24380351336089134      -0.36049689187922490       0.32623303129977155       0.32623303129976833      -0.36049689187922374      -0.24380351336088810       0.34019825555541122       0.12848136893474318      -0.26820054411014194     
 Orbital #:     8
 -0.37296419457552005       0.26525941368307432       0.29081668228967039      -0.37507562514947762       -2.6272297491176655E-002  0.25414336922775316      -0.25414336922775610        2.6272297491179538E-002  0.37507562514947879      -0.29081668228967261      -0.26525941368307565       0.37296419457552321     
 Orbital #:     9
 -0.36714257160503017       0.36289977127238704        1.4502413386196444E-003 -0.23216499526258741       0.36313415223396917      -0.21849711069438724      -0.21849711069438524       0.36313415223396739      -0.23216499526258644        1.4502413386197443E-003  0.36289977127238587      -0.36714257160502983     
 Orbital #:    10
  0.30684572482428885      -0.38408042755129779       0.28030799858688754      -0.10799238734900529      -0.21552949416596026       0.34876931297995195      -0.34876931297995384       0.21552949416596195       0.10799238734900615      -0.28030799858688971       0.38408042755129901      -0.30684572482429034     
 Orbital #:    11
 -0.21763894112075777       0.31860127723134651      -0.38620860976393606       0.36556832340893630      -0.23758875485438249       0.10899913616780073       0.10899913616779734      -0.23758875485437900       0.36556832340893275      -0.38620860976393251       0.31860127723134257      -0.21763894112075535     
 Orbital #:    12
  0.11247889705981741      -0.18002552213000894       0.26825181582155833      -0.31729321212559558       0.36685687334787542      -0.38434531924156151       0.38434531924156456      -0.36685687334787986       0.31729321212560024      -0.26825181582156260       0.18002552213001147      -0.11247889705981917     
