           ORB_  1   ORB_  2   ORB_  3   ORB_  4   ORB_  5   ORB_  6 
 Site   1   0.14484   0.07810  -0.30418  -0.25187   0.24122   0.26270 
 Site   3   0.14484  -0.07810  -0.30418   0.25187   0.24122   0.26270 
           ORB_  7   ORB_  8   ORB_  9   ORB_ 10   ORB_ 11   ORB_ 12 
 Site   1   0.34167  -0.18374   0.24893  -0.12962   0.01439  -0.41803 
 Site   3  -0.34167   0.18374   0.24893  -0.12962   0.01439   0.41803 
           ORB_ 13   ORB_ 14   ORB_ 15   ORB_ 16   ORB_ 17   ORB_ 18 
 Site   1  -0.06789   0.22345   0.16633  -0.10556   0.16638   0.20328 
 Site   3  -0.06789  -0.22345   0.16633   0.10556   0.16638  -0.20328 
           ORB_ 19   ORB_ 20   ORB_ 21   ORB_ 22 
 Site   1  -0.20468  -0.25514   0.05308  -0.11563 
 Site   3  -0.20468  -0.25514  -0.05308  -0.11563 
           ORB_  1   ORB_  2   ORB_  3   ORB_  4   ORB_  5   ORB_  6 
 Site   1  -0.11563   0.05308   0.25514   0.20468   0.20328   0.16638 
 Site   3  -0.11563  -0.05308   0.25514   0.20468  -0.20328   0.16638 
           ORB_  7   ORB_  8   ORB_  9   ORB_ 10 
 Site   1   0.10556   0.16633  -0.22345  -0.06789 
 Site   3  -0.10556   0.16633   0.22345  -0.06789 
           ORB_ 11   ORB_ 12   ORB_ 13   ORB_ 14   ORB_ 15   ORB_ 16 
 Site   1   0.41803  -0.01439   0.12962   0.24893  -0.18374  -0.34167 
 Site   3  -0.41803  -0.01439   0.12962   0.24893   0.18374   0.34167 
           ORB_ 17   ORB_ 18   ORB_ 19   ORB_ 20   ORB_ 21   ORB_ 22 
 Site   1  -0.26270  -0.24122  -0.25187   0.30418  -0.07810  -0.14484 
 Site   3  -0.26270  -0.24122   0.25187   0.30418   0.07810  -0.14484 
