          22          22
 Orbital #:     1
  0.14483915544125225        9.5631894839474374E-002  0.14483915544125253       0.21027620288860288       0.22449876522268272       0.32083119735589416       0.22449876522268342       0.21027620288860430       0.14483915533409467       0.22449876603941529       0.32083119858156783       0.32070070738319334       0.32083119858156911       0.22449876603941646       0.14483915533409550        9.5631895307292519E-002  0.14483915599487898       0.22449876566150473       0.21027620266806038       0.22449876566150567       0.14483915599487943        9.5631895307293005E-002
 Orbital #:     2
   7.8103831678435071E-002   7.6127151824993688E-008  -7.8103634434873212E-002  0.27748237330873637       0.13762398701972187        9.9585440135936740E-008 -0.13762379282030032      -0.27748226942681209       0.30248362428754161       0.32817807146427236       0.26600579965029320        3.3560441927369701E-016 -0.26600589923573237      -0.32817809127995401      -0.30248367904941359       0.20334562713155055       0.22437984901521010       0.19055410564775416       -1.0388192271627046E-007 -0.19055428003149175      -0.22437999149689669      -0.20334570325870072     
 Orbital #:     3
 -0.30418480066529791      -0.23480334889617960      -0.30418485131035689      -0.16020440388029764      -0.29949017337195738      -0.30715709602374397      -0.29949026261186601      -0.16020458380906588        8.4452693779713026E-002   3.0559430775065909E-002  0.15357863422537155       -4.5698678794417345E-010  0.15357846173832956        3.0559217973480497E-002   8.4452497639250598E-002  0.11740174056782511       0.21973230269423372       0.26893095478713364       0.32040898565855308       0.26893083122545614       0.21973215719882813       0.11740160871173017     
 Orbital #:     4
 -0.25187058961943015       -1.5984026850062772E-008  0.25187055658197377      -0.36243357988111985      -0.30193373144057273       -5.3526228250627856E-009  0.30193372435809351       0.36243360853981804        8.2969640849318460E-002 -0.10618238264765109        6.7692187375031534E-002  -2.4450479666658125E-015  -6.7692182022413686E-002  0.10618242200108270       -8.2969594456357029E-002  0.20214278450308817       0.33484018338727739       0.19575130898368862       -2.8658698607217692E-008 -0.19575134125464072      -0.33484019674277249      -0.20214276851905613     
 Orbital #:     5
  0.24122259259510076       0.23341437736912815       0.24122262709088937      -0.20925115625888682        5.1712621051437521E-002   7.8164198265128451E-002   5.1712662403795330E-002 -0.20925110662056476      -0.33873760688038818      -0.28733860510107773       -3.9082101756808985E-002  -6.8656238041886549E-009  -3.9082111027821505E-002 -0.28733859055850786      -0.33873761824377513      -0.11670716887267393        9.7515039891180419E-002  0.23562597120714895       0.41850226862721268       0.23562594439736367        9.7514994032007557E-002 -0.11670719655782363     
 Orbital #:     6
  0.26270448943468860       0.26563274918733920       0.26270448943468472        5.5096541895405388E-002   2.8514956671527522E-002 -0.26051953319640347        2.8514956671522474E-002   5.5096541895400405E-002  0.26270449982003813        2.8514961063217315E-002 -0.26051953082346513      -0.39577649274230597      -0.26051953082346396        2.8514961063216542E-002  0.26270449982004052       0.26563275688841576       0.26270449187709249        2.8514953099137375E-002   5.5096530382586460E-002   2.8514953099140643E-002  0.26270449187709721       0.26563275688841903     
 Orbital #:     7
  0.34166779559134541        1.3170334963211773E-015 -0.34166779559134336       -3.0095170844274300E-010  0.22344973540460905        1.5269535748590789E-015 -0.22344973540461011        3.0094552138969753E-010 -0.34166779379290074      -0.22344973677387059       -3.8662480729430704E-009   2.4720096415449547E-015   3.8662502373931570E-009  0.22344973677386798       0.34166779379290052        3.9181319174258796E-010  0.34166779605434228       0.22344973520483324       -2.3339919209430504E-015 -0.22344973520483413      -0.34166779605433995       -3.9181220703370947E-010
 Orbital #:     8
 -0.18374296219693478        6.3863035736390448E-008  0.18374305668227478        3.7311515788485836E-002 -0.10580322872305405       -9.6869107694350742E-008  0.10580315414103257       -3.7311523964877032E-002 -0.30744805293367944       0.11726383797057591       0.44203008944203470       -1.0518442589866414E-013 -0.44202999257307402      -0.11726376589996498       0.30744806609066938      -0.29141820939003327      -0.12370509697360288       0.22306699589996798        8.1768042141312176E-009 -0.22306699338835495       0.12370498933102676       0.29141814552683420     
 Orbital #:     9
  0.24892640995388957       0.33650074468982871       0.24892634021022761       -2.1541875226256179E-002 -0.19649006933168256      -0.51041231000807208      -0.19649010949158821       -2.1541861063855236E-002   3.4663008547805324E-002  0.18987325715807923       0.25520609816275641        3.7127989645165163E-008  0.25520626594488688       0.18987330166810970        3.4662891849196714E-002 -0.16825028693679159      -0.28358925555612990        6.6167309666533463E-003   4.3083582234819173E-002   6.6168156365895769E-003 -0.28358930251107395      -0.16825039755090915     
 Orbital #:    10
 -0.12962180173147012      -0.17143830231643090      -0.12962180173159946       0.43331467319532502       0.10599345864701445      -0.15419477085288766       0.10599345864693992       0.43331467319535089      -0.12962182552712781       0.10599350378897887      -0.15419467884625704      -0.33014423237302587      -0.15419467884595714       0.10599350378906131      -0.12962182552733301      -0.17143836062502449      -0.12962186297561207       0.10599348080208360       0.43331468105428644       0.10599348080223202      -0.12962186297570052      -0.17143836062522283     
 Orbital #:    11
   1.4392442384485751E-002   3.3440879926965497E-002   1.4392214677123927E-002  0.24140899559952494       -2.9745483764872245E-002 -0.28412617714930555       -2.9745485583897273E-002  0.24140922336195542      -0.36922222352430972        1.1980727258677213E-002  0.14206315528722094       -2.4075736436030224E-009  0.14206302125485407        1.1980712317165906E-002 -0.36922233058861925       -1.6720449876516941E-002  0.35482988833733503        1.7764775071770201E-002 -0.48281822494279009        1.7764761949286268E-002  0.35483000898038658       -1.6720434101269950E-002
 Orbital #:    12
 -0.41803174508213359        9.1078426135617757E-009  0.41803175292182354       0.41813291126895252       -3.3394275283825992E-003  -7.7383623071046459E-008   3.3394113256278147E-003 -0.41813277977025221      -0.19655185037036507       -2.7430054328088857E-002 -0.24606044937441479       -7.7385450771348481E-016  0.24606052675803736        2.7430060854143633E-002  0.19655164925015997        2.8960647612533200E-002  0.22148009196668722       -2.4090630227196447E-002  -1.3149870130291230E-007   2.4090639903898526E-002 -0.22147989868617241       -2.8960656720377630E-002
 Orbital #:    13
  -6.7892747397188549E-002  0.28481334552935139       -6.7892747397186620E-002  0.26526050851071092      -0.19693861235646173       -9.1720335094933894E-002 -0.19693861235646379       0.26526050851071087       -6.7892749982971387E-002 -0.19693861224768866       -9.1720329866143799E-002  0.50985424506433741       -9.1720329866143258E-002 -0.19693861224768580       -6.7892749982973247E-002  0.28481334591130686       -6.7892746148693631E-002 -0.19693861364240964       0.26526050616525959      -0.19693861364241333       -6.7892746148691369E-002  0.28481334591130708     
 Orbital #:    14
  0.22344973511372099        1.2976460405879783E-015 -0.22344973511372165        1.5102347685567096E-009 -0.34166779566197514       -6.9781573673202532E-016  0.34166779566197392       -1.5102317803550635E-009 -0.22344973533989820       0.34166779598678643       -3.7226253106360258E-009   2.1815058029243588E-015   3.7226246285075336E-009 -0.34166779598678970       0.22344973533989829       -6.1250417299631429E-010  0.22344973692969303      -0.34166779378982437        5.2065485909807896E-016  0.34166779378982359      -0.22344973692969430        6.1250599475777498E-010
 Orbital #:    15
  0.16633053709231208      -0.50943615979457246       0.16633054805529460        1.0149564058487388E-002  0.25982087912140645      -0.36964667678262031       0.25982086151780709        1.0149565884239325E-002   8.2513877823426410E-003 -0.27670101421784721       0.18482335547383621        1.0680670786073313E-009  0.18482332222691641      -0.27670099965072620        8.2514082240078661E-003  0.25471810084630508      -0.17458194527368986        1.6880121054103740E-002  -2.0299132670749585E-002   1.6880153224823231E-002 -0.17458193579500697       0.25471805502637745     
 Orbital #:    16
 -0.10555888508288264        2.6454147053489585E-008  0.10555886780836236       -1.7579565386516654E-002  0.16949913748042122        1.9195118994286275E-008 -0.16949916446452656        1.7579564332417322E-002 -0.19682591730751073      -0.14026188211945007       0.32012340266839495       -5.8430004402600334E-016 -0.32012342186351306       0.14026191085666981       0.19682591645054653       0.44118464203974145       -9.1267025907222701E-002 -0.30976105130793319        1.0540997237400151E-009  0.30976104955481926        9.1267044038703990E-002 -0.44118466849388532     
 Orbital #:    17
  0.16638482466167531      -0.30621372803761809       0.16638484015998067      -0.16050213799941326       -2.5848324348125937E-002   2.9364872834018299E-002  -2.5848355300843187E-002 -0.16050211680447157      -0.25923757084056748       0.36451589892012287       -1.4682430569606469E-002  -8.5374906251974086E-009  -1.4682432508478203E-002  0.36451588515044919      -0.25923757407730236       0.15310686152929703        9.2852741747977696E-002 -0.33866755901722329       0.32100425041546482      -0.33866754183417597        9.2852723012935970E-002  0.15310688174766696     
 Orbital #:    18
  0.20327943664361928       -1.1673077289497957E-008 -0.20327942395821103       0.27799783275632861      -0.40598315064114021        1.1194114237986219E-009  0.40598314867042545      -0.27799784499323432       -4.2453789248046929E-002 -0.18060624092217270       -2.5430722784557477E-002  -2.2313011323638355E-015   2.5430721665148832E-002  0.18060626871337293        4.2453769483411750E-002  0.26518887653939149      -0.24573320676866389       0.22537688232389144        1.2236904295415130E-008 -0.22537690814437525       0.24573321384788455      -0.26518886486630888     
 Orbital #:    19
 -0.20467619880321741       0.36349875311032942      -0.20467619880321614       -5.3367236763235563E-002   5.2189014264600181E-002  0.19307868086959104        5.2189014264596656E-002  -5.3367236763232781E-002 -0.20467619308633547        5.2189006350546442E-002  0.19307868195796010      -0.46424931802368496       0.19307868195796193        5.2189006350542605E-002 -0.20467619308633483       0.36349874666021076      -0.20467619802131198        5.2189017705233577E-002  -5.3367243055903055E-002   5.2189017705233147E-002 -0.20467619802131382       0.36349874666021331     
 Orbital #:    20
 -0.25513786915691961       0.29901288248821817      -0.25513791987636059      -0.11228879991508689       0.36509797683750744      -0.29574000727021471       0.36509810671103238      -0.11228898576810195        8.1603469421128810E-002  -6.4848498119974951E-002  0.14787012601427038        6.3842054409926773E-010  0.14786988126979350       -6.4848131040363022E-002   8.1603232917875218E-002 -0.14950656551989777       0.17353463777239791      -0.30024984494982820       0.22457778136965101      -0.30024960774373916       0.17353445198858405      -0.14950631806690182     
 Orbital #:    21
   5.3076620944114986E-002  -1.4286705354941073E-007  -5.3076377136563872E-002  0.19449011915187053      -0.13590924334882629        1.4130328861131119E-007  0.13590889446431612      -0.19449001184958253       0.24749410819774581      -0.38413868156009573       0.25611828975731926       -7.7780626175556083E-016 -0.25611843106060761       0.38413874352858196      -0.24749418617719932      -0.25895268031101409       0.19441756637795152      -0.24822950175348688       -1.0730228684316438E-007  0.24822978866951320      -0.19441773220605377       0.25895282317807139     
 Orbital #:    22
 -0.11563323497893717       0.10481424789407925      -0.11563323497893704      -0.15845761617187876       0.25042112455062027      -0.30506104930164057       0.25042112455062016      -0.15845761617187826      -0.11563323546353331       0.25042112558573071      -0.30506105052879429       0.39501649258196747      -0.30506105052879368       0.25042112558572971      -0.11563323546353273       0.10481424846820947      -0.11563323598531733       0.25042112485997464      -0.15845761440459052       0.25042112485997403      -0.11563323598531691       0.10481424846820953     
