          22          22
 Orbital #:     1
 -0.11563323497893592      -0.10481424789407806      -0.11563323497893606      -0.15845761617187726      -0.25042112455061816      -0.30506104930163958      -0.25042112455061888      -0.15845761617187795      -0.11563323546353309      -0.25042112558573049      -0.30506105052879573      -0.39501649258196908      -0.30506105052879495      -0.25042112558573026      -0.11563323546353289      -0.10481424846821005      -0.11563323598531812      -0.25042112485997675      -0.15845761440459202      -0.25042112485997647      -0.11563323598531777      -0.10481424846820955     
 Orbital #:     2
   5.3076468888543123E-002  -3.5336880068004631E-008  -5.3076529192146865E-002  0.19449005223061872       0.13590902575986316       -3.4950096870773920E-008 -0.13590911205330758      -0.19449007877087490       0.24749415683125664       0.38413872020805334       0.25611837788404013        5.4750351273366597E-017 -0.25611834293394337      -0.38413870488070656      -0.24749413754374122       0.25895276941301087       0.19441766980006797       0.24822968069457632        2.6540254963784177E-008 -0.24822960972847991      -0.19441762878397972      -0.25895273407613034     
 Orbital #:     3
  0.25513790078916621       0.29901288248825059       0.25513788824416961       0.11228891582614239       0.36509805783583316       0.29574000727024791       0.36509802571278704       0.11228886985707251       -8.1603321921033478E-002  -6.4848269183254148E-002 -0.14786997337437435        6.3842271458714614E-010 -0.14787003390971859       -6.4848359977092859E-002  -8.1603380417985177E-002 -0.14950641119077840      -0.17353452190453128      -0.30024969701141940      -0.22457778136967521      -0.30024975568221191      -0.17353456785648630      -0.14950647239605033     
 Orbital #:     4
  0.20467619880321863       0.36349875311032204       0.20467619880320828        5.3367236763245063E-002   5.2189014264609042E-002 -0.19307868086959185        5.2189014264588905E-002   5.3367236763231546E-002  0.20467619308633928        5.2189006350557017E-002 -0.19307868195796166      -0.46424931802368669      -0.19307868195795985        5.2189006350548427E-002  0.20467619308634097       0.36349874666020859       0.20467619802130510        5.2189017705222641E-002   5.3367243055898135E-002   5.2189017705234049E-002  0.20467619802131679       0.36349874666021981     
 Orbital #:     5
  0.20327945994045352        5.4548448229305851E-008 -0.20327940066137148       0.27799781028316772       0.40598315426036047        5.2310188972332430E-009 -0.40598314505119421      -0.27799786746638727       -4.2453825545924785E-002  0.18060618988345573       -2.5430724840354326E-002   1.3070993535677859E-014   2.5430719609351917E-002 -0.18060631975208649        4.2453733185529467E-002 -0.26518889797708262      -0.24573319376762914      -0.22537683490440341        5.7183214895433626E-008  0.22537695556386067       0.24573322684891138       0.26518884342860566     
 Orbital #:     6
  0.16638479619893676       0.30621372803762181       0.16638486862272311      -0.16050217692405683        2.5848267503255674E-002   2.9364872834013390E-002   2.5848412145716031E-002 -0.16050207787981977      -0.25923756489627497      -0.36451592420820739       -1.4682427008855439E-002   8.5374801944280219E-009  -1.4682436069237397E-002 -0.36451585986235147      -0.25923758002158015      -0.15310682439812687        9.2852776155003966E-002  0.33866759057399753       0.32100425041546088       0.33866751027739200        9.2852688605911810E-002 -0.15310691887882258     
 Orbital #:     7
  0.10555883901195653       -1.1465157884514464E-007 -0.10555891387927398        1.7579562575246177E-002  0.16949920944666438        8.3191141472530778E-008 -0.16949909249825987       -1.7579567143684926E-002  0.19682591502200292      -0.14026195876122680      -0.32012345386151603        2.3223679042655566E-015  0.32012337067037561       0.14026183421487423      -0.19682591873605412       0.44118471259259417        9.1267074263642486E-002 -0.30976104663240106        4.5684376402291619E-009  0.30976105423034700       -9.1266995682274768E-002 -0.44118459794101506     
 Orbital #:     8
  0.16633056633044144       0.50943615979455947       0.16633051881715727        1.0149568927746190E-002 -0.25982083217282637      -0.36964667678261204      -0.25982090846637490        1.0149561014980872E-002   8.2514422999943222E-003  0.27670097536751931       0.18482326680473074       -1.0680670955792638E-009  0.18482341089601328       0.27670103850104188        8.2513537063561432E-003 -0.25471797864515466      -0.17458191999416367       -1.6880206852991696E-002  -2.0299132670749613E-002  -1.6880067425935542E-002 -0.17458196107452548      -0.25471817722751616     
 Orbital #:     9
 -0.22344973511372301        2.6059849215494219E-015  0.22344973511372476       -1.5102328724654807E-009 -0.34166779566197958       -3.6392449705081647E-015  0.34166779566197730        1.5102353500786580E-009  0.22344973533989415       0.34166779598679392        3.7226327976761234E-009  -2.9863134629283649E-015  -3.7226307776456531E-009 -0.34166779598678743      -0.22344973533989554       -6.1251581112936243E-010 -0.22344973692969608      -0.34166779378981710        1.3005547397347307E-015  0.34166779378981921       0.22344973692969294        6.1250861568748813E-010
 Orbital #:    10
  -6.7892747397186912E-002 -0.28481334552935361       -6.7892747397190145E-002  0.26526050851071109       0.19693861235646576       -9.1720335094932340E-002  0.19693861235646082       0.26526050851071109       -6.7892749982972969E-002  0.19693861224768622       -9.1720329866143188E-002 -0.50985424506433630       -9.1720329866142036E-002  0.19693861224768988       -6.7892749982971998E-002 -0.28481334591130703       -6.7892746148692340E-002  0.19693861364241178       0.26526050616525826       0.19693861364240922       -6.7892746148695407E-002 -0.28481334591130930     
 Orbital #:    11
  0.41803175403730675       -1.1699714427305941E-008 -0.41803174396663045      -0.41813276105956565       -3.3394090201725015E-003  -9.9405132021612719E-008   3.3394298338389455E-003  0.41813292997961843       0.19655162063317960       -2.7430061782722850E-002  0.24606053776878689        9.7331897517714423E-016 -0.24606043836365502        2.7430053399509803E-002 -0.19655187898733484        2.8960658016313333E-002 -0.22147987118468571       -2.4090641280775801E-002  -1.6892005430535484E-007   2.4090628850318537E-002  0.22148011946816365       -2.8960646316597075E-002
 Orbital #:    12
  -1.4392182277117901E-002   3.3440879926965671E-002  -1.4392474784493070E-002 -0.24140925576979058       -2.9745485842723175E-002  0.28412617714929922       -2.9745483506045948E-002 -0.24140896319167673       0.36922234582256758        1.1980710191169074E-002 -0.14206300218366527       -2.4075724451733062E-009 -0.14206317435840457        1.1980729384673060E-002  0.36922220829034430       -1.6720431856642716E-002 -0.35483002614642578        1.7764760082114008E-002  0.48281822494277954        1.7764776938940414E-002 -0.35482987117127912       -1.6720452121143228E-002
 Orbital #:    13
  0.12962180173148641      -0.17143830231648974       0.12962180173166948      -0.43331467319532330       0.10599345864706454       0.15419477085279865       0.10599345864695903      -0.43331467319536049       0.12962182552708290       0.10599350378892596       0.15419467884637611      -0.33014423237302670       0.15419467884592958       0.10599350378904442       0.12962182552739313      -0.17143836062494641       0.12962186297554146       0.10599348080204458      -0.43331468105427939       0.10599348080227056       0.12962186297566583      -0.17143836062524073     
 Orbital #:    14
  0.24892638649013138      -0.33650074468980390       0.24892636367394863       -2.1541870461547211E-002  0.19649008284259431      -0.51041231000810716       0.19649009598064490       -2.1541865828410986E-002   3.4662969287078217E-002 -0.18987327213253399       0.25520615460937901       -3.7127930640590475E-008  0.25520620949821721      -0.18987328669369913        3.4662931109880397E-002  0.16825032415053778      -0.28358927135313011       -6.6167594520283018E-003   4.3083582234897937E-002  -6.6167871512530299E-003 -0.28358928671413047       0.16825036033722926     
 Orbital #:    15
 -0.18374299398452429       -2.0892310731261687E-008  0.18374302489468891        3.7311518539426179E-002  0.10580320363151549       -3.1690161314979620E-008 -0.10580317923257325       -3.7311521213938346E-002 -0.30744805736012071      -0.11726381372403014       0.44203005685252844        1.6305621590921899E-013 -0.44203002516259537       0.11726379014651252       0.30744806166424204       0.29141818790472146      -0.12370506075965050      -0.22306699505503697        2.6751581747876639E-009  0.22306699423329635       0.12370502554497564      -0.29141816701215445     
 Orbital #:    16
 -0.34166779559134697        2.0712598303163077E-015  0.34166779559134325        3.0094794538360059E-010  0.22344973540460933        5.3117232834409833E-015 -0.22344973540461202       -3.0094900876909136E-010  0.34166779379289874      -0.22344973677386837        3.8662496797819967E-009  -1.1535911115245767E-015  -3.8662529532051959E-009  0.22344973677387164      -0.34166779379289830        3.9181388212031210E-010 -0.34166779605434117       0.22344973520483333       -5.9847959921199845E-016 -0.22344973520483213       0.34166779605434361       -3.9181566064555584E-010
 Orbital #:    17
 -0.26270448943469021       0.26563274918734170      -0.26270448943468766       -5.5096541895404097E-002   2.8514956671527827E-002  0.26051953319640242        2.8514956671522890E-002  -5.5096541895397332E-002 -0.26270449982003646        2.8514961063215945E-002  0.26051953082346530      -0.39577649274230564       0.26051953082346618        2.8514961063212725E-002 -0.26270449982003780       0.26563275688841481      -0.26270449187709177        2.8514953099137656E-002  -5.5096530382586821E-002   2.8514953099140653E-002 -0.26270449187709871       0.26563275688841920     
 Orbital #:    18
 -0.24122270116645339       0.23341437736911219      -0.24122251851950374       0.20925100002819252        5.1712751203035125E-002  -7.8164198265126161E-002   5.1712532252190746E-002  0.20925126285123619       0.33873764264526462      -0.28733855933005675        3.9082130936207382E-002  -6.8656196599173211E-009   3.9082081848412845E-002 -0.28733863632949286       0.33873758247885682      -0.11670725600836461       -9.7514895554908401E-002  0.23562588682653726      -0.41850226862718559       0.23562602877794570       -9.7515138368266030E-002 -0.11670710942211940     
 Orbital #:    19
 -0.25187048563795555       -8.4631613250438220E-008  0.25187066056341523      -0.36243367008092281       0.30193370914929379        2.8340848121652731E-008 -0.30193374664933376       0.36243351833996990        8.2969494833026652E-002  0.10618250650786459        6.7692170528288700E-002   5.2489495052498688E-015  -6.7692198869147902E-002 -0.10618229814085456       -8.2969740472641440E-002 -0.20214273419525955       0.33484022542209518      -0.19575141055263892        1.5174095686389111E-007  0.19575123968566471      -0.33484015470791345       0.20214281882686091     
 Orbital #:    20
  0.30418485510935428      -0.23480334889617491       0.30418479686628835       0.16020459730593678      -0.29949026930595346       0.30715709602373864      -0.29949016667785899       0.16020439038341994       -8.4452482926300393E-002   3.0559202010740846E-002 -0.15357844879967503       -4.5698648358480543E-010 -0.15357864716402231        3.0559446737806396E-002  -8.4452708492663411E-002  0.11740159882089840      -0.21973214628487775       0.26893082195680396      -0.32040898565854803       0.26893096405577760      -0.21973231360817874       0.11740175045865503     
 Orbital #:    21
  -7.8103619639175184E-002  -8.7548099757597808E-008   7.8103846474129698E-002 -0.27748226163438494       0.13762377825295011        1.1452570886603952E-007 -0.13762400158706786       0.27748238110115581      -0.30248368315722379       0.32817809276636983      -0.26600590670586260        4.5980308747149366E-016  0.26600579218015247      -0.32817806997784638       0.30248362017972164       0.20334570896917184      -0.22438000218477425       0.19055429311241637       -1.1946677061849820E-007 -0.19055409256682115       0.22437983832732369      -0.20334562142107271     
 Orbital #:    22
 -0.14483915544125339        9.5631894839475012E-002 -0.14483915544125278      -0.21027620288860535       0.22449876522268469      -0.32083119735589394       0.22449876522268369      -0.21027620288860427      -0.14483915533409494       0.22449876603941643      -0.32083119858156656       0.32070070738319240      -0.32083119858156828       0.22449876603941674      -0.14483915533409589        9.5631895307292575E-002 -0.14483915599487820       0.22449876566150348      -0.21027620266805835       0.22449876566150445      -0.14483915599487929        9.5631895307293352E-002
