          24          24
 Orbital #:     1
  -8.0346242195032863E-002  -9.3900604722043007E-002  -9.3900604722042730E-002 -0.13542202416127294      -0.13542202416127255      -0.21916704337295756      -0.27161204775993442      -0.22093561575325149      -0.22093561575325218      -0.23751807716935644      -0.23751807716935672      -0.32706195285411449      -0.32706195285411382      -0.23751807716935622      -0.23751807716935583      -0.22093561575325246      -0.22093561575325207      -0.27161204775993697      -0.21916704337296339      -0.13542202416127797      -0.13542202416127799       -9.3900604722047351E-002  -9.3900604722047643E-002  -8.0346242195037262E-002
 Orbital #:     2
  0.15762661661594773       0.17504221689539304       0.17504221689539259       0.22660531099140180       0.22660531099140097       0.32451575878710104       0.30391248288270878       0.19456141511344882       0.19456141511344918       0.12530634762036585       0.12530634762036638        7.9933944235027948E-002  -7.9933944235009685E-002 -0.12530634762035447      -0.12530634762035450      -0.19456141511344244      -0.19456141511344241      -0.30391248288270600      -0.32451575878711036      -0.22660531099141207      -0.22660531099141196      -0.17504221689540400      -0.17504221689540406      -0.15762661661595861     
 Orbital #:     3
 -0.22726430029656031      -0.23161442144220415      -0.23161442144220329      -0.24307048437450668      -0.24307048437450574      -0.26275818069790496       -5.9783768544893319E-002   5.5429142946390814E-002   5.5429142946391001E-002  0.17073221883384468       0.17073221883384479       0.29297476895815955       0.29297476895816699       0.17073221883385650       0.17073221883385628        5.5429142946407703E-002   5.5429142946407613E-002  -5.9783768544870754E-002 -0.26275818069789003      -0.24307048437449955      -0.24307048437449927      -0.23161442144220307      -0.23161442144220312      -0.22726430029656108     
 Orbital #:     4
  0.25015004049100326       0.22827484398493048       0.22827484398493011       0.16851089303162131       0.16851089303162065        8.0606260894281800E-002 -0.21483861401982990      -0.23332359913217807      -0.23332359913217895      -0.21269698587340524      -0.21269698587340582      -0.15620975486975744       0.15620975486974800       0.21269698587340127       0.21269698587340111       0.23332359913218070       0.23332359913218051       0.21483861401983886       -8.0606260894268505E-002 -0.16851089303161210      -0.16851089303161193      -0.22827484398492601      -0.22827484398492603      -0.25015004049100037     
 Orbital #:     5
  0.28988798197539090       0.20925390826888202       0.20925390826888168        1.7199809519829617E-002   1.7199809519829138E-002 -0.18257555895554914      -0.34797159802294342      -0.17484647826951413      -0.17484647826951491        9.1516859003273582E-002   9.1516859003272985E-002  0.30901063753674618       0.30901063753674990        9.1516859003278522E-002   9.1516859003278550E-002 -0.17484647826951022      -0.17484647826951005      -0.34797159802294325      -0.18257555895555896        1.7199809519822900E-002   1.7199809519822622E-002  0.20925390826888227       0.20925390826888191       0.28988798197539423     
 Orbital #:     6
 -0.33995699976562477      -0.19430750309971215      -0.19430750309971226       0.11438342022526746       0.11438342022526680       0.32453070653748795       0.17187245679868712       -3.8835624748669327E-002  -3.8835624748670937E-002 -0.22006794028757756      -0.22006794028757928      -0.21912271463268090       0.21912271463267183       0.22006794028757803       0.22006794028757698        3.8835624748679395E-002   3.8835624748678660E-002 -0.17187245679867538      -0.32453070653749327      -0.11438342022527290      -0.11438342022527526       0.19430750309971204       0.19430750309970948       0.33995699976562688     
 Orbital #:     7
  -1.5281248433712574E-016  0.16039870901646675      -0.16039870901646694       0.16144085968011290      -0.16144085968011340       -3.7803662076930548E-016  -3.9338430196680064E-016 -0.31455890912818779       0.31455890912818757      -0.31505840039535954       0.31505840039535865       -6.2947766302713771E-016  -6.3910941241357010E-018  0.31505840039530719      -0.31505840039530675       0.31455890912813600      -0.31455890912813533       -1.7147836144175872E-017  -9.4703355415338410E-016 -0.16144085968021196       0.16144085968021085      -0.16039870901656500       0.16039870901656592        1.1076486393366982E-015
 Orbital #:     8
   5.4693823816116716E-017  0.28087722876667620      -0.28087722876667637       0.28162245638834488      -0.28162245638834560       -6.9252009109306682E-016  -2.0212288273689036E-016 -0.21506345295676552       0.21506345295676565      -0.21341154050419078       0.21341154050419039       -3.1551459191803442E-016   1.9940964747363553E-017 -0.21341154050397171       0.21341154050397212      -0.21506345295654880       0.21506345295654861       -1.1900358124946126E-016   2.8879225902956165E-016  0.28162245638866734      -0.28162245638866673       0.28087722876699911      -0.28087722876699966       -5.7265765180460417E-016
 Orbital #:     9
  -1.7029301415930926E-015  0.31507360307603743      -0.31507360307603915       0.31454355984441273      -0.31454355984441129        1.0461648755464812E-015  -3.2885952860366509E-016  0.16009864947528260      -0.16009864947528346       0.16173866588147448      -0.16173866588147381        9.6274333461397085E-016   2.2273117673554562E-016 -0.16173866588205388       0.16173866588205341      -0.16009864947586461       0.16009864947586466        1.3527113615634665E-016   2.6265146195936957E-017 -0.31454355984436694       0.31454355984436660      -0.31507360307599558       0.31507360307599591        2.8945817051678057E-016
 Orbital #:    10
   3.6342953524336128E-016 -0.21472973979140850       0.21472973979140886      -0.21374749084830375       0.21374749084830366        3.0445778823677664E-016   3.0322610803333250E-016 -0.28136955472578817       0.28136955472578845      -0.28113043712630437       0.28113043712630309       -9.7457331765338451E-016   2.5580832212164408E-016 -0.28113043712619379       0.28113043712619507      -0.28136955472568015       0.28136955472568187        1.9299901619380289E-016  -1.7533366424231926E-015 -0.21374749084787095       0.21374749084786887      -0.21472973979097401       0.21472973979097582        1.9686327784066584E-015
 Orbital #:    11
  0.32566819250197465       0.13709399092168237       0.13709399092168026      -0.21217138010255410      -0.21217138010255565      -0.31654759074650884       0.18432697963102193       0.21114277682852772       0.21114277682852517       -1.3358842467652355E-003  -1.3358842467680108E-003 -0.20729782539888172      -0.20729782539889072       -1.3358842467747114E-003  -1.3358842467747253E-003  0.21114277682852856       0.21114277682852864       0.18432697963103239      -0.31654759074650296      -0.21217138010255543      -0.21217138010255632       0.13709399092167723       0.13709399092167643       0.32566819250196954     
 Orbital #:    12
  0.22092679955473407        6.6714974985751477E-002   6.6714974985750727E-002 -0.18556840289664342      -0.18556840289664375      -0.17960987488968133       0.31548939656948760       0.17076372191213895       0.17076372191213857      -0.21607166752097018      -0.21607166752097082      -0.29988433469883419       0.29988433469883263       0.21607166752097101       0.21607166752097073      -0.17076372191213607      -0.17076372191213562      -0.31548939656948699       0.17960987488967450       0.18556840289663942       0.18556840289664178       -6.6714974985748868E-002  -6.6714974985746703E-002 -0.22092679955472810     
 Orbital #:    13
 -0.22092679955473030        6.6714974985748507E-002   6.6714974985749187E-002  0.18556840289664153       0.18556840289664120      -0.17960987488967739      -0.31548939656948527       0.17076372191213723       0.17076372191213726       0.21607166752096996       0.21607166752096932      -0.29988433469883036      -0.29988433469883125       0.21607166752096943       0.21607166752096948       0.17076372191213959       0.17076372191213962      -0.31548939656948610      -0.17960987488968438       0.18556840289664500       0.18556840289664359        6.6714974985751713E-002   6.6714974985752781E-002 -0.22092679955473635     
 Orbital #:    14
  0.32566819250197321      -0.13709399092167834      -0.13709399092167995      -0.21217138010255690      -0.21217138010255587       0.31654759074650674       0.18432697963102807      -0.21114277682852731      -0.21114277682852856       -1.3358842467735836E-003  -1.3358842467723515E-003  0.20729782539888811      -0.20729782539888217        1.3358842467681479E-003   1.3358842467683944E-003  0.21114277682852495       0.21114277682852511      -0.18432697963102007      -0.31654759074650751       0.21217138010255485       0.21217138010255229       0.13709399092168004       0.13709399092168201      -0.32566819250197387     
 Orbital #:    15
   1.1579575395949077E-015 -0.21472973979107565       0.21472973979107482       0.21374749084797079      -0.21374749084797137        5.9809356595801464E-016  -1.8113732474836862E-016 -0.28136955472549890       0.28136955472549929       0.28113043712601360      -0.28113043712601443        4.5782277057511668E-016   8.4865725366750437E-017 -0.28113043712607677       0.28113043712607666       0.28136955472555947      -0.28136955472555852       -1.7728363302517237E-016  -9.3396304158254327E-016 -0.21374749084874015       0.21374749084874098       0.21472973979184504      -0.21472973979184393       -1.0690489248669123E-015
 Orbital #:    16
  -5.2228756773425717E-016  0.31507360307595716      -0.31507360307595650      -0.31454355984432797       0.31454355984432802        9.0599154132707055E-017  -3.1466295745739252E-016  0.16009864947593863      -0.16009864947593830      -0.16173866588212568       0.16173866588212624       -3.8251517973970058E-016  -1.4439066317662315E-016 -0.16173866588097177       0.16173866588097238       0.16009864947477970      -0.16009864947477934       -3.0709057109103592E-016  -1.8905874776679139E-016 -0.31454355984467142       0.31454355984467175       0.31507360307629617      -0.31507360307629573       -4.9357208339569690E-016
 Orbital #:    17
   6.8194347075712470E-016 -0.28087722876702426       0.28087722876702359       0.28162245638869260      -0.28162245638869243       -1.6325234246819879E-016   3.5040426823875128E-016  0.21506345295662257      -0.21506345295662294      -0.21341154050404484       0.21341154050404523        8.3525234299916139E-017  -4.3462187823699508E-016  0.21341154050465477      -0.21341154050465494      -0.21506345295722770       0.21506345295722851       -2.1078245521105147E-016  -6.7582140279874927E-016 -0.28162245638791167       0.28162245638791250       0.28087722876624188      -0.28087722876624083       -9.6327000208464656E-016
 Orbital #:    18
  -4.3444895318584724E-016  0.16039870901646458      -0.16039870901646444      -0.16144085968011102       0.16144085968011126        6.1647286272719659E-017  -1.0121734495332187E-016 -0.31455890912820916       0.31455890912820916       0.31505840039538208      -0.31505840039538241        5.0942793248742196E-016  -3.7556712719346850E-016  0.31505840039550487      -0.31505840039550576      -0.31455890912833151       0.31455890912833218       -1.5642109440033051E-016  -8.6371847890495530E-016 -0.16144085967978433       0.16144085967978528       0.16039870901613773      -0.16039870901613679       -9.8167605685977639E-016
 Orbital #:    19
  0.33995699976562438      -0.19430750309970990      -0.19430750309971018      -0.11438342022527041      -0.11438342022527026       0.32453070653748944      -0.17187245679868146       -3.8835624748674399E-002  -3.8835624748673789E-002  0.22006794028757790       0.22006794028757704      -0.21912271463267416      -0.21912271463267902       0.22006794028757876       0.22006794028757815       -3.8835624748668765E-002  -3.8835624748667759E-002 -0.17187245679868990       0.32453070653748822      -0.11438342022526660      -0.11438342022526514      -0.19430750309971329      -0.19430750309971445       0.33995699976562710     
 Orbital #:    20
  0.28988798197539312      -0.20925390826888188      -0.20925390826888243        1.7199809519825041E-002   1.7199809519825429E-002  0.18257555895555563      -0.34797159802294353       0.17484647826951266       0.17484647826951216        9.1516859003277731E-002   9.1516859003278106E-002 -0.30901063753674918       0.30901063753674518       -9.1516859003272624E-002  -9.1516859003272902E-002 -0.17484647826951599      -0.17484647826951577       0.34797159802294358      -0.18257555895554567       -1.7199809519832004E-002  -1.7199809519832392E-002  0.20925390826888240       0.20925390826888329      -0.28988798197539090     
 Orbital #:    21
 -0.25015004049100203       0.22827484398492787       0.22827484398492837      -0.16851089303161640      -0.16851089303161729        8.0606260894276513E-002  0.21483861401983156      -0.23332359913217815      -0.23332359913217735       0.21269698587340161       0.21269698587340102      -0.15620975486974878      -0.15620975486975699       0.21269698587340499       0.21269698587340491      -0.23332359913217474      -0.23332359913217465       0.21483861401982213        8.0606260894291154E-002 -0.16851089303162631      -0.16851089303162609       0.22827484398493250       0.22827484398493270      -0.25015004049100437     
 Orbital #:    22
 -0.22726430029656133       0.23161442144220346       0.23161442144220407      -0.24307048437450168      -0.24307048437450235       0.26275818069789580       -5.9783768544878102E-002  -5.5429142946402707E-002  -5.5429142946402346E-002  0.17073221883385289       0.17073221883385242      -0.29297476895816205       0.29297476895815500      -0.17073221883384174      -0.17073221883384204        5.5429142946386657E-002   5.5429142946386685E-002   5.9783768544900535E-002 -0.26275818069791018       0.24307048437450821       0.24307048437450834      -0.23161442144220393      -0.23161442144220404       0.22726430029655983     
 Orbital #:    23
  0.15762661661595465      -0.17504221689539984      -0.17504221689540039       0.22660531099140868       0.22660531099140918      -0.32451575878710887       0.30391248288271039      -0.19456141511344782      -0.19456141511344779       0.12530634762036050       0.12530634762036008       -7.9933944235015097E-002  -7.9933944235028309E-002  0.12530634762036891       0.12530634762036927      -0.19456141511345262      -0.19456141511345296       0.30391248288271144      -0.32451575878709854       0.22660531099139786       0.22660531099139816      -0.17504221689538838      -0.17504221689538871       0.15762661661594290     
 Orbital #:    24
  -8.0346242195033002E-002   9.3900604722042758E-002   9.3900604722043021E-002 -0.13542202416127239      -0.13542202416127269       0.21916704337295698      -0.27161204775993403       0.22093561575325310       0.22093561575325277      -0.23751807716935899      -0.23751807716935852       0.32706195285411782      -0.32706195285411921       0.23751807716936124       0.23751807716936080      -0.22093561575325493      -0.22093561575325432       0.27161204775993519      -0.21916704337295387       0.13542202416126933       0.13542202416126925       -9.3900604722039441E-002  -9.3900604722039441E-002   8.0346242195029588E-002
