          16          16
 Orbital #:     1
  -7.6048594387377974E-002 -0.12318361608318452      -0.18816922506725434      -0.22821086243886646      -0.27695022220013071      -0.30314414348236729      -0.32927544593394414      -0.33842936696380466      -0.33842936696380410      -0.32927544593394253      -0.30314414348236368      -0.27695022220012622      -0.22821086243886005      -0.18816922506724779      -0.12318361608317885       -7.6048594387374144E-002
 Orbital #:     2
  0.14934469385713131       0.22964423773020046       0.31342675450820168       0.33849925077446130       0.32126301882172686       0.27566616997872057       0.16597080412737122        7.3440730672730242E-002  -7.3440730672741997E-002 -0.16597080412738191      -0.27566616997872728      -0.32126301882173042      -0.33849925077446019      -0.31342675450819835      -0.22964423773019541      -0.14934469385712756     
 Orbital #:     3
 -0.21681248538526071      -0.30485634786728555      -0.33158397922886945      -0.27456892260825155       -9.3287806820269992E-002   5.0614032948778857E-002  0.24606134911061617       0.32079330112046328       0.32079330112046117       0.24606134911061114        5.0614032948770322E-002  -9.3287806820278971E-002 -0.27456892260825899      -0.33158397922887412      -0.30485634786728649      -0.21681248538526068     
 Orbital #:     4
  0.27466428929194980       0.33866281795913572       0.23144528748608428        7.1062011525787186E-002 -0.21540967005229333      -0.31986828222564284      -0.28436190729692939      -0.14721261865257998       0.14721261865258486       0.28436190729693173       0.31986828222563912       0.21540967005228742       -7.1062011525793001E-002 -0.23144528748608767      -0.33866281795913467      -0.27466428929194814     
 Orbital #:     5
 -0.31739140890409201      -0.32692721881917491       -4.1147472125836970E-002  0.16537906831668656       0.33361624453786964       0.24561654447876533      -0.11376077572411143      -0.28065839879611687      -0.28065839879611360      -0.11376077572410589       0.24561654447876957       0.33361624453787059       0.16537906831668214       -4.1147472125841890E-002 -0.32692721881917747      -0.31739140890409323     
 Orbital #:     6
 -0.33521537394919437      -0.27269458824589549       0.17333815711852588       0.31433461696290144       0.14115413065155599       -8.1410329458821318E-002 -0.32877119575145036      -0.22309934329041198       0.22309934329041534       0.32877119575145108        8.1410329458816683E-002 -0.14115413065155993      -0.31433461696289933      -0.17333815711852216       0.27269458824589754       0.33521537394919526     
 Orbital #:     7
 -0.30867464129390976      -0.18724858369400429       0.31449595563777644       0.30922473369281389      -0.19611187995313753      -0.31381006574778264        2.9272396888656960E-004  0.19543177627001856       0.19543177627001418        2.9272396888076549E-004 -0.31381006574778064      -0.19611187995313287       0.30922473369281428       0.31449595563777411      -0.18724858369400560      -0.30867464129391037     
 Orbital #:     8
 -0.20267698567250056       -9.0297545615228611E-002  0.26868981861463481       0.17641919725412397      -0.30870787101914587      -0.24860089836396576       0.31873404602916144       0.29791960753356167      -0.29791960753356406      -0.31873404602916144       0.24860089836396904       0.30870787101914748      -0.17641919725412733      -0.26868981861463803        9.0297545615230318E-002  0.20267698567250400     
 Orbital #:     9
 -0.20267698567250600        9.0297545615231747E-002  0.26868981861464042      -0.17641919725412961      -0.30870787101914804       0.24860089836397095       0.31873404602915961      -0.29791960753356383      -0.29791960753355934       0.31873404602915922       0.24860089836396473      -0.30870787101914399      -0.17641919725412580       0.26868981861463564        9.0297545615229305E-002 -0.20267698567250175     
 Orbital #:    10
 -0.30867464129390926       0.18724858369400482       0.31449595563777372      -0.30922473369281356      -0.19611187995313129       0.31381006574777875        2.9272396888069540E-004 -0.19543177627001332       0.19543177627001790       -2.9272396888574084E-004 -0.31381006574778253       0.19611187995313614       0.30922473369281644      -0.31449595563777849      -0.18724858369400552       0.30867464129391203     
 Orbital #:    11
 -0.33521537394919670       0.27269458824589854       0.17333815711852227      -0.31433461696290110       0.14115413065156393        8.1410329458813727E-002 -0.32877119575145242       0.22309934329041706       0.22309934329041267      -0.32877119575145036        8.1410329458817848E-002  0.14115413065155860      -0.31433461696289833       0.17333815711852313       0.27269458824589343      -0.33521537394919115     
 Orbital #:    12
 -0.31739140890409090       0.32692721881917486       -4.1147472125842459E-002 -0.16537906831668100       0.33361624453787053      -0.24561654447877068      -0.11376077572410302       0.28065839879611165      -0.28065839879611831       0.11376077572411292       0.24561654447876638      -0.33361624453787120       0.16537906831668539        4.1147472125838663E-002 -0.32692721881917663       0.31739140890409329     
 Orbital #:    13
 -0.27466428929194886       0.33866281795913594      -0.23144528748609072        7.1062011525796012E-002  0.21540967005228465      -0.31986828222563785       0.28436190729693284      -0.14721261865258620      -0.14721261865257970       0.28436190729692823      -0.31986828222563918       0.21540967005228917        7.1062011525791238E-002 -0.23144528748608678       0.33866281795913666      -0.27466428929194997     
 Orbital #:    14
 -0.21681248538526027       0.30485634786728544      -0.33158397922887367       0.27456892260825849       -9.3287806820281469E-002  -5.0614032948767165E-002  0.24606134911060734      -0.32079330112045756       0.32079330112046001      -0.24606134911061209        5.0614032948771981E-002   9.3287806820277264E-002 -0.27456892260825738       0.33158397922887406      -0.30485634786728877       0.21681248538526277     
 Orbital #:    15
  0.14934469385712823      -0.22964423773019585       0.31342675450819807      -0.33849925077445997       0.32126301882173214      -0.27566616997872911       0.16597080412738308       -7.3440730672741428E-002  -7.3440730672734017E-002  0.16597080412737619      -0.27566616997872501       0.32126301882172908      -0.33849925077445819       0.31342675450819685      -0.22964423773019577       0.14934469385712809     
 Orbital #:    16
  -7.6048594387372909E-002  0.12318361608317643      -0.18816922506724426       0.22821086243885680      -0.27695022220012505       0.30314414348236407      -0.32927544593394581       0.33842936696380849      -0.33842936696380987       0.32927544593394814      -0.30314414348236846       0.27695022220012988      -0.22821086243886152       0.18816922506724865      -0.12318361608317994        7.6048594387374893E-002
