          18          18
 Orbital #:     1
   6.4583081286210708E-002  0.10496623876553994       0.16145563282555198       0.19717263445817709       0.24242667057812334       0.26843227053815366       0.29770801662410279       0.31145452357060993       0.32156739152465469       0.32156739152465830       0.31145452357062409       0.29770801662412116       0.26843227053817575       0.24242667057814574       0.19717263445819730       0.16145563282556999       0.10496623876555279        6.4583081286218647E-002
 Orbital #:     2
  0.12733245286154179       0.19851181570344981       0.27946080207403090       0.31182619200455725       0.31902680534939631       0.29688912339339080       0.22729090892407494       0.16025258139468349        4.2217180324544440E-002  -4.2217180324517795E-002 -0.16025258139465937      -0.22729090892405257      -0.29688912339337276      -0.31902680534938205      -0.31182619200454764      -0.27946080207402452      -0.19851181570344650      -0.12733245286153991     
 Orbital #:     3
 -0.18621275157896414      -0.27036737201160999      -0.32086229425865326      -0.29624114596532125      -0.17562223819863332       -6.0959382859324340E-002  0.12505220466367817       0.22762679721682189       0.31544197128825835       0.31544197128826174       0.22762679721683388       0.12505220466369241       -6.0959382859312558E-002 -0.17562223819862641      -0.29624114596532286      -0.32086229425865914      -0.27036737201161720      -0.18621275157896941     
 Orbital #:     4
 -0.23884116220530568      -0.31266384584065249      -0.27125841874919854      -0.15775024913294419        9.0992838712736349E-002  0.22773921871953742       0.32064018821514595       0.27828616632444830        7.9572475081208918E-002  -7.9572475081193153E-002 -0.27828616632443931      -0.32064018821514140      -0.22773921871954150       -9.0992838712743523E-002  0.15775024913293609       0.27125841874919093       0.31266384584064644       0.23884116220530119     
 Orbital #:     5
 -0.28206303966648277      -0.32092639711297150      -0.13977041096629431        4.4561600883362328E-002  0.29347594753395900       0.31368474185790490       0.11017674387359386       -7.8067996731705017E-002 -0.30523009218540581      -0.30523009218540686       -7.8067996731710637E-002  0.11017674387358863       0.31368474185790479       0.29347594753396172        4.4561600883365159E-002 -0.13977041096629203      -0.32092639711297094      -0.28206303966648233     
 Orbital #:     6
 -0.31093724910404946      -0.29473831375037751        4.0368557635264798E-002  0.22569113328574872       0.27913352689690341       0.12655445500554446      -0.24167098220699146      -0.31735449158080103      -0.10407186243541894       0.10407186243541039       0.31735449158080126       0.24167098220699512      -0.12655445500554019      -0.27913352689690207      -0.22569113328575208       -4.0368557635268365E-002  0.29473831375037851       0.31093724910405113     
 Orbital #:     7
 -0.31653734293017322      -0.23833144261508721       0.21399222648662655       0.31247321099320935        4.4271202599324877E-002 -0.16261804472568320      -0.26912720433270410      -0.10545520096498434       0.29599870613587109       0.29599870613587415      -0.10545520096497500      -0.26912720433269782      -0.16261804472568953        4.4271202599317737E-002  0.31247321099321007       0.21399222648663055      -0.23833144261508726      -0.31653734293017388     
 Orbital #:     8
 -0.28178847463177159      -0.16121217318857631       0.30742982828449883       0.27772977832425327      -0.23321949826172764      -0.30848756711457231        8.3182267247972244E-002  0.24016944011396243        9.3821099495530941E-002  -9.3821099495518187E-002 -0.24016944011397001       -8.3182267247983152E-002  0.30848756711457387       0.23321949826173377      -0.27772977832425155      -0.30742982828450016       0.16121217318857564       0.28178847463177092     
 Orbital #:     9
 -0.17903356477143501       -7.7860671212762675E-002  0.24047627028631766       0.15345311747523205      -0.28272496926547275      -0.21953681138245773       0.30227152552033659       0.26916053928755512      -0.29759487878952923      -0.29759487878953156       0.26916053928754985       0.30227152552033426      -0.21953681138245149      -0.28272496926546820       0.15345311747522683       0.24047627028631138       -7.7860671212760427E-002 -0.17903356477142954     
 Orbital #:    10
 -0.17903356477143167        7.7860671212761773E-002  0.24047627028631238      -0.15345311747522786      -0.28272496926546736       0.21953681138245149       0.30227152552033393      -0.26916053928754990      -0.29759487878953134       0.29759487878952995       0.26916053928755479      -0.30227152552033593      -0.21953681138245723       0.28272496926547225       0.15345311747523174      -0.24047627028631713       -7.7860671212763105E-002  0.17903356477143548     
 Orbital #:    11
 -0.28178847463177370       0.16121217318857789       0.30742982828450099      -0.27772977832425338      -0.23321949826173102       0.30848756711457359        8.3182267247980154E-002 -0.24016944011396779        9.3821099495520366E-002   9.3821099495527818E-002 -0.24016944011396191        8.3182267247973160E-002  0.30848756711457154      -0.23321949826172744      -0.27772977832425244       0.30742982828449833       0.16121217318857717      -0.28178847463177237     
 Orbital #:    12
 -0.31653734293017338       0.23833144261508746       0.21399222648662797      -0.31247321099320813        4.4271202599320672E-002  0.16261804472568658      -0.26912720433269882       0.10545520096497761       0.29599870613587254      -0.29599870613587131      -0.10545520096498347       0.26912720433270332      -0.16261804472568273       -4.4271202599325717E-002  0.31247321099320957      -0.21399222648662700      -0.23833144261508971       0.31653734293017605     
 Orbital #:    13
  0.31093724910404996      -0.29473831375037784       -4.0368557635265492E-002  0.22569113328574866      -0.27913352689690174       0.12655445500554055       0.24167098220699562      -0.31735449158080170       0.10407186243540889       0.10407186243542087      -0.31735449158080126       0.24167098220698960       0.12655445500554849      -0.27913352689690618       0.22569113328574639       -4.0368557635261287E-002 -0.29473831375038001       0.31093724910405152     
 Orbital #:    14
  0.28206303966648333      -0.32092639711297244       0.13977041096629472        4.4561600883363132E-002 -0.29347594753396139       0.31368474185790474      -0.11017674387358689       -7.8067996731712441E-002  0.30523009218540653      -0.30523009218540331        7.8067996731700437E-002  0.11017674387359808      -0.31368474185790612       0.29347594753395762       -4.4561600883356992E-002 -0.13977041096629908       0.32092639711297150      -0.28206303966648194     
 Orbital #:    15
 -0.23884116220530235       0.31266384584064832      -0.27125841874919382       0.15775024913293878        9.0992838712741803E-002 -0.22773921871954103       0.32064018821514245      -0.27828616632444059        7.9572475081193902E-002   7.9572475081208280E-002 -0.27828616632444864       0.32064018821514556      -0.22773921871953534        9.0992838712733989E-002  0.15775024913294558      -0.27125841874919815       0.31266384584064877      -0.23884116220530224     
 Orbital #:    16
  0.18621275157896561      -0.27036737201161221       0.32086229425865542      -0.29624114596532070       0.17562223819862771       -6.0959382859314883E-002 -0.12505220466369041       0.22762679721683285      -0.31544197128826096       0.31544197128825796      -0.22762679721681964       0.12505220466367442        6.0959382859330065E-002 -0.17562223819863976       0.29624114596532730      -0.32086229425865848       0.27036737201161198      -0.18621275157896516     
 Orbital #:    17
  0.12733245286154038      -0.19851181570344770       0.27946080207402829      -0.31182619200455175       0.31902680534938638      -0.29688912339337575       0.22729090892405318      -0.16025258139465851        4.2217180324516032E-002   4.2217180324546411E-002 -0.16025258139468473       0.22729090892407483      -0.29688912339338919       0.31902680534939393      -0.31182619200455319       0.27946080207402690      -0.19851181570344531       0.12733245286153885     
 Orbital #:    18
  -6.4583081286216107E-002  0.10496623876554920      -0.16145563282556630       0.19717263445819339      -0.24242667057814338       0.26843227053817414      -0.29770801662412061       0.31145452357062436      -0.32156739152466007       0.32156739152465746      -0.31145452357061337       0.29770801662410545      -0.26843227053815510       0.24242667057812381      -0.19717263445817634       0.16145563282555150      -0.10496623876553873        6.4583081286209848E-002
