          18          18
 Orbital #:     1
  0.12618729760474404       0.14444045118475743       0.14444045118475773       0.19500967810275210       0.19500967810275252       0.29326930287572694       0.34823690366848647       0.28197278579056895       0.28197278579057083       0.28197278579056884       0.28197278579057095       0.34823690366848475       0.29326930287572939       0.19500967810275432       0.19500967810275485       0.14444045118476001       0.14444045118476004       0.12618729760474665     
 Orbital #:     2
 -0.24023653819686597      -0.25219475625586796      -0.25219475625586862      -0.28303844661625277      -0.28303844661625382      -0.33728132069132472      -0.18476344471584968       -5.9009623083169822E-002  -5.9009623083169455E-002   5.9009623083163189E-002   5.9009623083163293E-002  0.18476344471584244       0.33728132069132488       0.28303844661625499       0.28303844661625616       0.25219475625587207       0.25219475625587262       0.24023653819687038     
 Orbital #:     3
 -0.28045083199586046      -0.25962892630745832      -0.25962892630745921      -0.20464820324704588      -0.20464820324704713      -0.12253402879295332       0.22614689156392723       0.26135626367179077       0.26135626367179271       0.26135626367179210       0.26135626367179454       0.22614689156393053      -0.12253402879294610      -0.20464820324704042      -0.20464820324704111      -0.25962892630745488      -0.25962892630745515      -0.28045083199585724     
 Orbital #:     4
 -0.34246722944849045      -0.22744813902461836      -0.22744813902461949        2.9262571885604834E-002   2.9262571885603560E-002  0.26207281618039857       0.39212688133901602       0.16597083567036827       0.16597083567036724      -0.16597083567036747      -0.16597083567036930      -0.39212688133901524      -0.26207281618040257       -2.9262571885605698E-002  -2.9262571885607665E-002  0.22744813902462027       0.22744813902461838       0.34246722944849095     
 Orbital #:     5
  -9.3209213473103596E-015 -0.23377244669497246       0.23377244669496267      -0.23603719791524316       0.23603719791525088        8.3206265734031541E-015   1.4915275960956985E-015  0.37368018995732261      -0.37368018995732666       0.37368018995732266      -0.37368018995732893       -5.7582333277060596E-018   9.0476494959542356E-015 -0.23603719791529426       0.23603719791530325      -0.23377244669502517       0.23377244669501557       -9.5510914357358440E-015
 Orbital #:     6
   6.5447997554065902E-015 -0.35352533501659977       0.35352533501660627      -0.35357476155458650       0.35357476155457923       -7.6468897865484077E-015  -6.2854617012057367E-016   2.1738199060796146E-003  -2.1738199060745492E-003  -2.1738199059122415E-003   2.1738199059188404E-003   1.3439071761991580E-015  -6.9885953480777638E-015  0.35357476155462753      -0.35357476155463508       0.35352533501665745      -0.35352533501664973        7.6160903921535226E-015
 Orbital #:     7
   8.4489662048114469E-015 -0.26527397284250331       0.26527397284251114      -0.26319447029134485       0.26319447029133530       -9.1722427603804254E-015   2.0243185395241641E-016 -0.33220233313520103       0.33220233313520742      -0.33220233313520253       0.33220233313520808       -1.3081966020805724E-015  -1.0846491600198652E-014 -0.26319447029123172       0.26319447029122134      -0.26527397284238957       0.26527397284240001        1.0556947290453912E-014
 Orbital #:     8
 -0.38978158479927311      -0.19195160090183691      -0.19195160090182131       0.19944001181249146       0.19944001181250684       0.38902453385963182       -1.2121097127353006E-002 -0.14720705895100625      -0.14720705895097325      -0.14720705895100933      -0.14720705895097630       -1.2121097127358173E-002  0.38902453385963393       0.19944001181250653       0.19944001181249546      -0.19195160090182350      -0.19195160090183433      -0.38978158479927250     
 Orbital #:     9
 -0.28017318818272130       -9.7721587013743741E-002  -9.7721587013744435E-002  0.22214175579108306       0.22214175579108275       0.25533818665808433      -0.37355146873203454      -0.22245421865742793      -0.22245421865743029       0.22245421865743017       0.22245421865742887       0.37355146873203310      -0.25533818665808072      -0.22214175579108100      -0.22214175579108006        9.7721587013741423E-002   9.7721587013743449E-002  0.28017318818271653     
 Orbital #:    10
 -0.28017318818272119        9.7721587013746863E-002   9.7721587013745517E-002  0.22214175579108086       0.22214175579108181      -0.25533818665808672      -0.37355146873202622       0.22245421865742754       0.22245421865742687       0.22245421865742615       0.22245421865742640      -0.37355146873202710      -0.25533818665809010       0.22214175579108450       0.22214175579108308        9.7721587013747085E-002   9.7721587013748432E-002 -0.28017318818272546     
 Orbital #:    11
 -0.38978158479927388       0.19195160090183278       0.19195160090182931       0.19944001181249771       0.19944001181250104      -0.38902453385963381       -1.2121097127354669E-002  0.14720705895097019       0.14720705895101024      -0.14720705895096725      -0.14720705895100722        1.2121097127349550E-002  0.38902453385963237      -0.19944001181247811      -0.19944001181251805      -0.19195160090185132      -0.19195160090181110       0.38978158479927433     
 Orbital #:    12
   1.1287398022764377E-015 -0.26527397284236753       0.26527397284236620       0.26319447029119974      -0.26319447029119997        1.1339246750594383E-015  -1.3254567794583599E-015 -0.33220233313509462       0.33220233313509506       0.33220233313509318      -0.33220233313509173        1.7815733732646449E-016  -2.0393203410681249E-015 -0.26319447029150539       0.26319447029150700       0.26527397284267340      -0.26527397284267168       -1.8403634495680746E-015
 Orbital #:    13
  -9.5319909198672437E-015  0.35352533501669975      -0.35352533501669064      -0.35357476155466649       0.35357476155467782       -1.0227419634211654E-014  -3.7716721578787072E-016  -2.1738199057717783E-003   2.1738199057799294E-003  -2.1738199062203245E-003   2.1738199062134220E-003  -2.7868527884270709E-016   1.0070982278236971E-014 -0.35357476155454709       0.35357476155453665       0.35352533501655520      -0.35352533501656586        1.0499163006759958E-014
 Orbital #:    14
  -2.0528320858744163E-014 -0.23377244669497771       0.23377244669499750       0.23603719791527672      -0.23603719791525732       -1.8853338412476556E-014  -9.3961213461440312E-016  0.37368018995743130      -0.37368018995741670      -0.37368018995742941       0.37368018995741675       -1.4848364289996533E-015   1.9866196069737281E-014 -0.23603719791513236       0.23603719791511271       0.23377244669483185      -0.23377244669485217        2.0283223095476703E-014
 Orbital #:    15
  0.34246722944848840      -0.22744813902462019      -0.22744813902462019       -2.9262571885600563E-002  -2.9262571885600448E-002  0.26207281618039513      -0.39212688133902018       0.16597083567037119       0.16597083567037202       0.16597083567037163       0.16597083567037013      -0.39212688133902074       0.26207281618039135       -2.9262571885597572E-002  -2.9262571885599525E-002 -0.22744813902462035      -0.22744813902461883       0.34246722944848751     
 Orbital #:    16
 -0.28045083199585691       0.25962892630745776       0.25962892630745710      -0.20464820324704849      -0.20464820324704763       0.12253402879295811       0.22614689156391898      -0.26135626367178610      -0.26135626367178372       0.26135626367178438       0.26135626367178211      -0.22614689156391471      -0.12253402879296790       0.20464820324705640       0.20464820324705543      -0.25962892630746354      -0.25962892630746331       0.28045083199586285     
 Orbital #:    17
  0.24023653819686819      -0.25219475625587146      -0.25219475625587068       0.28303844661625610       0.28303844661625510      -0.33728132069132555       0.18476344471584485       -5.9009623083162745E-002  -5.9009623083163716E-002  -5.9009623083173826E-002  -5.9009623083172785E-002  0.18476344471585537      -0.33728132069132616       0.28303844661625321       0.28303844661625271      -0.25219475625586601      -0.25219475625586590       0.24023653819686278     
 Orbital #:    18
  0.12618729760473871      -0.14444045118475271      -0.14444045118475218       0.19500967810274794       0.19500967810274739      -0.29326930287572445       0.34823690366849375      -0.28197278579057972      -0.28197278579057938       0.28197278579057927       0.28197278579057861      -0.34823690366849369       0.29326930287572067      -0.19500967810274378      -0.19500967810274428       0.14444045118474808       0.14444045118474871      -0.12618729760473485     
