           ORB_  1   ORB_  2   ORB_  3   ORB_  4   ORB_  5   ORB_  6 
 Site   1  -0.14206   0.07099  -0.30185   0.24192   0.23017   0.25523 
 Site   3  -0.14206  -0.07099  -0.30185  -0.24192   0.23017   0.25523 
           ORB_  7   ORB_  8   ORB_  9   ORB_ 10   ORB_ 11   ORB_ 12 
 Site   1  -0.33192   0.18103  -0.22875  -0.11629  -0.01055  -0.41785 
 Site   3   0.33192  -0.18103  -0.22875  -0.11629  -0.01055   0.41785 
           ORB_ 13   ORB_ 14   ORB_ 15   ORB_ 16   ORB_ 17   ORB_ 18 
 Site   1   0.08123   0.23769  -0.18067   0.11123  -0.17798  -0.21603 
 Site   3   0.08123  -0.23769  -0.18067  -0.11123  -0.17798   0.21603 
           ORB_ 19   ORB_ 20   ORB_ 21   ORB_ 22 
 Site   1   0.21450   0.26923  -0.05796  -0.12333 
 Site   3   0.21450   0.26923   0.05796  -0.12333 
           ORB_  1   ORB_  2   ORB_  3   ORB_  4   ORB_  5   ORB_  6 
 Site   1   0.12333   0.05796  -0.26923  -0.21450   0.21603  -0.17798 
 Site   3   0.12333  -0.05796  -0.26923  -0.21450  -0.21603  -0.17798 
           ORB_  7   ORB_  8   ORB_  9   ORB_ 10 
 Site   1   0.11123   0.18067  -0.23769  -0.08123 
 Site   3  -0.11123   0.18067   0.23769  -0.08123 
           ORB_ 11   ORB_ 12   ORB_ 13   ORB_ 14   ORB_ 15   ORB_ 16 
 Site   1   0.41785  -0.01055   0.11629   0.22875   0.18103   0.33192 
 Site   3  -0.41785  -0.01055   0.11629   0.22875  -0.18103  -0.33192 
           ORB_ 17   ORB_ 18   ORB_ 19   ORB_ 20   ORB_ 21   ORB_ 22 
 Site   1  -0.25523  -0.23017  -0.24192  -0.30185   0.07099  -0.14206 
 Site   3  -0.25523  -0.23017   0.24192  -0.30185  -0.07099  -0.14206 
