          22          22
 Orbital #:     1
 -0.14206465851328565      -0.10339608523574685      -0.14206465851328431      -0.20262241475234191      -0.23036682326680405      -0.31431401009453730      -0.23036682326680158      -0.20262241475233972      -0.14206465864971357      -0.23036682582932635      -0.31431401323095837      -0.32995890282948492      -0.31431401323095698      -0.23036682582932469      -0.14206465864971179      -0.10339608683921211      -0.14206466057774947      -0.23036682431424857      -0.20262241343262088      -0.23036682431424782      -0.14206466057774872      -0.10339608683921073     
 Orbital #:     2
   7.0992739928877086E-002   2.5502602832901816E-008  -7.0992680753392962E-002  0.26115864941376876       0.13530095128307496        2.9296262670126805E-008 -0.13530089089084552      -0.26115861985426986       0.29690450942116564       0.33443360775630077       0.25883294263372464       -1.5080701708474481E-015 -0.25883297192999144      -0.33443361498116408      -0.29690452695583663       0.22531588344159431       0.22591179199339395       0.19913266795027124       -2.9559498656954453E-008 -0.19913272111764066      -0.22591183363420786      -0.22531590894419698     
 Orbital #:     3
 -0.30184814456983500      -0.26017238616533739      -0.30184815848751961      -0.15077998546506680      -0.30805463638586300      -0.29887455028643928      -0.30805466291077799      -0.15078003666361839        8.9442613589736542E-002   3.6853323311092680E-002  0.14943730023718704       -2.1162018531112182E-009  0.14943724949456730        3.6853257747427745E-002   8.9442555383420330E-002  0.13008621597692460       0.21240558950953747       0.27120137715108850       0.30156001563326457       0.27120133811234043       0.21240554522090732       0.13008617180512005     
 Orbital #:     4
  0.24191955627571368        8.3414855739971913E-009 -0.24191954106441607       0.35967998351126146       0.31710532355692411        1.9730913967625126E-009 -0.31710532109731993      -0.35967999723521338       -7.8370171912873446E-002  0.12632179496882362       -5.1711515853167841E-002  -2.1982085605184679E-014   5.1711513880034511E-002 -0.12632181434783835        7.8370150461232357E-002 -0.21861483047875327      -0.32028970526800332      -0.19078350812563805        1.3723959771482288E-008  0.19078352504505591       0.32028971150842644       0.21861482213731345     
 Orbital #:     5
  0.23016639286815271       0.25243467770106670       0.23016640885617048      -0.20766134568409861        3.7216976412818278E-002   5.9711300016445319E-002   3.7216997369726043E-002 -0.20766132191350792      -0.32459164684836866      -0.29322975691668174       -2.9855673952416843E-002  -2.5288946799732373E-008  -2.9855677369937023E-002 -0.29322974856830597      -0.32459165202770779      -0.12621730618418969        9.4425311301084267E-002  0.25601277804329581       0.41532268480639573       0.25601276543476259        9.4425290133725276E-002 -0.12621732063204230     
 Orbital #:     6
  0.25522535588747530       0.29337904037368862       0.25522535588750006        4.0778635858277790E-002   2.3312018405158751E-002 -0.24949624081627234        2.3312018405191648E-002   4.0778635858316765E-002  0.25522539187370441        2.3312035323272005E-002 -0.24949623347833569      -0.39490725620770878      -0.24949623347833969        2.3312035323286014E-002  0.25522539187369547       0.29337906833111110       0.25522536299488685        2.3312002786476702E-002   4.0778592821984469E-002   2.3312002786458300E-002  0.25522536299485482       0.29337906833108846     
 Orbital #:     7
 -0.33191763506733563        4.6596774944042503E-016  0.33191763506733751        5.3588284250991934E-011 -0.23769171218328430        4.0677560367874511E-015  0.23769171218328436       -5.3595188106008238E-011  0.33191763092463894       0.23769171627214727        1.0757989328868866E-008   3.7869215144153422E-015  -1.0757988024406663E-008 -0.23769171627215138      -0.33191763092463872        7.5165449692828338E-010 -0.33191763677923347      -0.23769171248183635       -4.3386572405659405E-015  0.23769171248183418       0.33191763677923813       -7.5165145032943567E-010
 Orbital #:     8
  0.18102649614054131        2.8585344984404133E-008 -0.18102645969541487       -3.0858038898680658E-002  0.12240612579032180       -3.9460894199477977E-008 -0.12240615979187607        3.0858036059928470E-002  0.28861707792506808      -0.12361822872493332      -0.42899455708324163        1.2317058028544268E-013  0.42899459654429234       0.12361826261483341      -0.28861707117001117       0.31076125346210814       0.10759055745472189      -0.24602438992668121        2.8383273065446220E-009  0.24602439003809673      -0.10759060065467395      -0.31076128204728048     
 Orbital #:     9
 -0.22875060088968649      -0.35883622693774098      -0.22875062973122703        1.7815971520713965E-002  0.21341330591891874       0.49536024573686011       0.21341328641690122        1.7815976437087103E-002  -4.2398229856137955E-002 -0.21271346168136887      -0.24768019882246503       -5.8956970414441852E-008 -0.24768013047410281      -0.21271344198623521       -4.2398275839245554E-002  0.17941809319829663       0.27114881547245312       -6.9980401957470237E-004  -3.5631722197488613E-002  -6.9976482242859340E-004  0.27114879833088140       0.17941804368712433     
 Orbital #:    10
 -0.11629398459140984      -0.17310546814407007      -0.11629398459151828       0.42242435126559885       0.11898993668341458      -0.15559699253626333       0.11898993668334205       0.42242435126561856      -0.11629401315075197       0.11899000979522621      -0.15559685589287747      -0.36884652352972980      -0.15559685589260197       0.11899000979530261      -0.11629401315094252      -0.17310555831721036      -0.11629406773533646       0.11898996858407386       0.42242436103037750       0.11898996858423598      -0.11629406773540085      -0.17310555831740987     
 Orbital #:    11
  -1.0553430123777701E-002  -3.8954842591964536E-002  -1.0553674161616986E-002 -0.24279946242069256        3.0066268235474845E-002  0.27936978755122599        3.0066264794801036E-002 -0.24279921681072378       0.36714463691519411       -9.9311725526078972E-003 -0.13968482303521604        8.9272390072996699E-009 -0.13968496433709096       -9.9311894801063314E-003  0.36714452023413968        1.9477419589849599E-002 -0.35659109279088419       -2.0135091166720437E-002  0.48559870249413439       -2.0135104653535619E-002 -0.35659096543410723        1.9477439292742354E-002
 Orbital #:    12
 -0.41784895759650470       -1.1375468932456919E-008  0.41784895143287648       0.42054073086994515       -5.8912163649247297E-003   8.1580675846544719E-008   5.8912339246354091E-003 -0.42054087267292484      -0.19978471625385794       -2.8983774631884299E-002 -0.24194137689567558        3.1777522476849248E-015  0.24194129531499978        2.8983768831738806E-002  0.19978493067863837        3.3735890206761585E-002  0.21806401214241500       -2.3092541140996337E-002   1.4180298552870207E-007   2.3092529381422214E-002 -0.21806422040356604       -3.3735878831285940E-002
 Orbital #:    13
   8.1234077683733627E-002 -0.27456219437405743        8.1234077683738928E-002 -0.28505632808112397       0.19117757168305230        9.3585917246877690E-002  0.19117757168304503      -0.28505632808112313        8.1234085820994451E-002  0.19117756927924820        9.3585900588985901E-002 -0.49488734183258698        9.3585900588987553E-002  0.19117756927925211        8.1234085820990176E-002 -0.27456219191985159        8.1234070718378446E-002  0.19117757355459231      -0.28505631773947232       0.19117757355458601        8.1234070718380999E-002 -0.27456219191984943     
 Orbital #:    14
  0.23769171151158489       -3.7252748935708994E-015 -0.23769171151158117        5.7513849822407441E-009 -0.33191763700944232        3.7937923448950878E-016  0.33191763700944643       -5.7513882941151801E-009 -0.23769171002424391       0.33191763782361056       -1.6020304128979872E-008  -4.5345694131193185E-015   1.6020307211816244E-008 -0.33191763782360922       0.23769171002424563       -6.3343554690930266E-009  0.23769171940144079      -0.33191762793815505       -3.3672783463650820E-015  0.33191762793815904      -0.23769171940144107        6.3343528229931558E-009
 Orbital #:    15
 -0.18066994649360846       0.47814094449070632      -0.18066992770251139       -9.2342716852948543E-003 -0.25721609189380107       0.40211340026277353      -0.25721611956575591       -9.2342689833158059E-003  -5.9955545594282782E-003  0.27046529914197998      -0.20105667289761997       -3.8352800241418601E-009 -0.20105673172753069       0.27046532293717485       -5.9955187315385346E-003 -0.23907043419187382       0.18666546644873916       -1.3249230507487426E-002   1.8468547235215103E-002  -1.3249179040327920E-002  0.18666548348552234      -0.23907050414475156     
 Orbital #:    16
  0.11123286754810124        4.0387313305755707E-008 -0.11123289806953304        1.5994231597476871E-002 -0.16380266618530268        3.3965464928467637E-008  0.16380262273256119       -1.5994233157463521E-002  0.21208121085924495       0.14085437279659677      -0.34824043616096662        8.0803039700810910E-016  0.34824040219550112      -0.14085432710560766      -0.21208121187209850      -0.41408222363124070       0.10084831759945542       0.30465701116002109        1.5599889813082413E-009 -0.30465701339827123      -0.10084828606516892       0.41408218324392865     
 Orbital #:    17
 -0.17798451031551721       0.29755022452426766      -0.17798450187069906       0.16611910862783547        2.3129056495894775E-002  -2.9075158591331102E-002   2.3129041126865924E-002  0.16611911987552444       0.27607678260550217      -0.35204638359000506        1.4537572137114376E-002   1.2914562967872068E-008   1.4537571152793728E-002 -0.35204639049149983       0.27607678080237236      -0.14877512578455246       -9.8092263745981442E-002  0.32891733442243526      -0.33223822068892256       0.32891734288996777       -9.8092273993927989E-002 -0.14877511571120369     
 Orbital #:    18
 -0.21602659114205428       -5.8158433809954099E-009  0.21602659809973679      -0.28772675162583361       0.39315458988068491        5.6829948119087575E-010 -0.39315459078483517       0.28772674513197694        4.6125806115804802E-002  0.17654695568184881        2.5179818319641934E-002  -5.8690842603024322E-015  -2.5179818887933417E-002 -0.17654694191980241       -4.6125816908085294E-002 -0.25768605263852862       0.26215240862237726      -0.21660764788298326        6.4938560624758918E-009  0.21660763502508970      -0.26215240478780139       0.25768605845439030     
 Orbital #:    19
  0.21450090319584014      -0.34628126883553140       0.21450090319584628        5.9031653829864590E-002  -4.7226512048918715E-002 -0.20894299760146831       -4.7226512048931184E-002   5.9031653829873652E-002  0.21450089587518559       -4.7226498605314401E-002 -0.20894299880313988       0.45759834907747104      -0.20894299880314204       -4.7226498605318433E-002  0.21450089587518448      -0.34628125918974456       0.21450089985035614       -4.7226513101598019E-002   5.9031659391174267E-002  -4.7226513101590227E-002  0.21450089985034712      -0.34628125918973668     
 Orbital #:    20
  0.26923250782135066      -0.29634091864748335       0.26923248722930265       0.11772456316143511      -0.35200325901849022       0.29631975534990751      -0.35200321128719148       0.11772449072193993       -8.4418675819469893E-002   5.9646281086598370E-002 -0.14815983199106736       -2.5503782262070243E-009 -0.14815992315836948        5.9646413251423183E-002  -8.4418768948986658E-002  0.14817041660515459      -0.18481374580086465       0.29235684501939457      -0.23544904149636209       0.29235692945291830      -0.18481381833833274       0.14817050777896676     
 Orbital #:    21
  -5.7963065979653110E-002  -5.2639224707094334E-008   5.7963161627530443E-002 -0.20390483544928972       0.13435543214379569        5.2635464686101780E-008 -0.13435555719691053       0.20390487727225476      -0.26214375432952108       0.37202149956385322      -0.25662046507604502        1.1417679756971554E-015  0.25662041244057776      -0.37202147837381616       0.26214372433881949       0.25663878951311764      -0.20418066027317558       0.23766605019422291       -4.1822962069064444E-008 -0.23766594633114502       0.20418059461599755      -0.25663873687389277     
 Orbital #:    22
 -0.12333044382338949       0.10635166133672480      -0.12333044382338984      -0.16562130108168957       0.24518670844599208      -0.30929883332590441       0.24518670844599413      -0.16562130108169096      -0.12333044559223175       0.24518671104040402      -0.30929883548960901       0.38054946240080084      -0.30929883548960957       0.24518671104040479      -0.12333044559223222       0.10635166307500223      -0.12333044650804818       0.24518670811593557      -0.16562129499928890       0.24518670811593615      -0.12333044650804839       0.10635166307500300     
