          22          22
 Orbital #:     1
  0.12333044382338980       0.10635166133672395       0.12333044382338866       0.16562130108169051       0.24518670844599405       0.30929883332590646       0.24518670844599103       0.16562130108168777       0.12333044559223255       0.24518671104040443       0.30929883548961068       0.38054946240079990       0.30929883548960913       0.24518671104040157       0.12333044559223075       0.10635166307500310       0.12333044650804853       0.24518670811593674       0.16562129499928901       0.24518670811593543       0.12333044650804771       0.10635166307500177     
 Orbital #:     2
   5.7963102054155592E-002  -1.2932461141152112E-008  -5.7963125553028197E-002  0.20390485122321839       0.13435547930876232       -1.2931537854741917E-008 -0.13435551003194415      -0.20390486149832832       0.26214374301824844       0.37202149157183434       0.25662044522408345       -2.1010015130887665E-015 -0.25662043229254961      -0.37202148636584448      -0.26214373565010085       0.25663876965973981       0.20418063550995141       0.23766601102128215        1.0275108415117448E-008 -0.23766598550409493      -0.20418061937922874      -0.25663875672728009     
 Orbital #:     3
 -0.26923250005486793      -0.29634091864748480      -0.26923249499579083      -0.11772453584019509      -0.35200324101618591      -0.29631975534991606      -0.35200322928950550      -0.11772451804318165        8.4418710944150890E-002   5.9646330933815640E-002  0.14815986637568146       -2.5503801563659039E-009  0.14815988877375913        5.9646363404208813E-002   8.4418733824308104E-002  0.14817045099222392       0.18481377315906070       0.29235687686430356       0.23544904149636620       0.29235689760801914       0.18481379098014147       0.14817047339190131     
 Orbital #:     4
 -0.21450090319583809      -0.34628126883552041      -0.21450090319583623       -5.9031653829878253E-002  -4.7226512048927048E-002  0.20894299760146906       -4.7226512048923017E-002  -5.9031653829875082E-002 -0.21450089587519874       -4.7226498605332491E-002  0.20894299880314188       0.45759834907746760       0.20894299880314007       -4.7226498605330694E-002 -0.21450089587519752      -0.34628125918974728      -0.21450089985034521       -4.7226513101576328E-002  -5.9031659391157953E-002  -4.7226513101580291E-002 -0.21450089985034856      -0.34628125918974872     
 Orbital #:     5
  0.21602659532220658        1.1724340517939586E-009 -0.21602659391958617       0.28772674772434564       0.39315459042389550        1.1456490010629186E-010 -0.39315459024162541      -0.28772674903346551       -4.6125812599771714E-002  0.17654694741365795       -2.5179818661067294E-002   8.9515764399538107E-016   2.5179818546503346E-002 -0.17654695018799849        4.6125810424116120E-002 -0.25768605613268009      -0.26215240631857617      -0.21660764015800063        1.3091198438996237E-009  0.21660764275006983       0.26215240709160170       0.25768605496023844     
 Orbital #:     6
 -0.17798450524190707      -0.29755022452428070      -0.17798450694432821       0.16611911538540566       -2.3129047262235258E-002  -2.9075158591321176E-002  -2.3129050360532016E-002  0.16611911311794450       0.27607678152218035       0.35204638773639763        1.4537571545746926E-002  -1.2914538948688401E-008   1.4537571744182421E-002  0.35204638634510238       0.27607678188567841       0.14877511973250443       -9.8092269902923815E-002 -0.32891733950970597      -0.33223822068892678      -0.32891733780270327       -9.8092267837003602E-002  0.14877512176322519     
 Orbital #:     7
  0.11123286773325519       -3.9897296298375116E-008 -0.11123289788437368        1.5994231606938566E-002  0.16380266592169399        3.3553365643989187E-008 -0.16380262299616274       -1.5994233148003977E-002  0.21208121086539203      -0.14085437251941202      -0.34824043595491716        2.4408161336179922E-015  0.34824040240155252       0.14085432738278125      -0.21208121186595877       0.41408222338623213       0.10084831740815070      -0.30465701117360205        1.5410628550284580E-009  0.30465701338469825      -0.10084828625646626      -0.41408218348893638     
 Orbital #:     8
  0.18066994637961459       0.47814094449070588       0.18066992781650906        9.2342716689077387E-003 -0.25721609206166829      -0.40211340026277542      -0.25721611939788147        9.2342689997071195E-003   5.9955543420805784E-003  0.27046529928633578       0.20105667325450888       -3.8352812749072243E-009  0.20105673137064231       0.27046532279281910        5.9955189488842897E-003 -0.23907043461624164      -0.18666546655209473       -1.3249230195267791E-002  -1.8468547235215068E-002  -1.3249179352547066E-002 -0.18666548338216707      -0.23907050372038649     
 Orbital #:     9
 -0.23769171151158527       -1.6069968963184935E-015  0.23769171151158472       -5.7513912456314006E-009 -0.33191763700944626        6.4093119116853355E-015  0.33191763700944688        5.7513834829929709E-009  0.23769171002424305       0.33191763782360634        1.6020309927194229E-008   7.3645094707614625E-015  -1.6020311300824304E-008 -0.33191763782361722      -0.23769171002424158       -6.3343546732514287E-009 -0.23769171940143938      -0.33191762793815521       -3.7626252431683575E-015  0.33191762793815033       0.23769171940144532        6.3343654065993558E-009
 Orbital #:    10
  -8.1234077683740802E-002 -0.27456219437405999       -8.1234077683733419E-002  0.28505632808112458       0.19117757168304586       -9.3585917246877121E-002  0.19117757168305580       0.28505632808112558       -8.1234085820986054E-002  0.19117756927925522       -9.3585900588990162E-002 -0.49488734183258715       -9.3585900588988039E-002  0.19117756927924834       -8.1234085820992674E-002 -0.27456219191984621       -8.1234070718381263E-002  0.19117757355458181       0.28505631773947071       0.19117757355459217       -8.1234070718376322E-002 -0.27456219191984899     
 Orbital #:    11
  0.41784895219223300        8.5725970284433405E-009 -0.41784895683716688      -0.42054085520308132       -5.8912317613157381E-003   6.1479515151231677E-008   5.8912185282513100E-003  0.42054074833980054       0.19978490426192769       -2.8983769546308966E-002  0.24194130536558539       -3.2953757178183913E-015 -0.24194136684509954        2.8983773917320616E-002 -0.19978474267057553        3.3735880232723385E-002 -0.21806419474620320       -2.3092530830179297E-002   1.0686328313073370E-007   2.3092539692240979E-002  0.21806403779978603       -3.3735888805326408E-002
 Orbital #:    12
  -1.0553644096634073E-002   3.8954842591969067E-002  -1.0553460188763714E-002 -0.24279924706939346       -3.0066265218690054E-002  0.27936978755123304       -3.0066267811595968E-002 -0.24279943216202579       0.36714453460902424        9.9311873946708699E-003 -0.13968494692898079       -8.9272370523412154E-009 -0.13968484044333473        9.9311746380428001E-003  0.36714462254032199       -1.9477436865387096E-002 -0.35659098112421855        2.0135102991987276E-002  0.48559870249414627        2.0135092828268399E-002 -0.35659107710078253       -1.9477422017209159E-002
 Orbital #:    13
  0.11629398459127636      -0.17310546814375752       0.11629398459125372      -0.42242435126559358       0.11898993668318289       0.15559699253669521       0.11898993668319861      -0.42242435126558897       0.11629401315083454       0.11899000979545539       0.15559685589249267      -0.36884652352973135       0.15559685589255456       0.11899000979543478       0.11629401315079724      -0.17310555831748903       0.11629406773560974       0.11898996858417596      -0.42242436103040998       0.11898996858414261       0.11629406773558981      -0.17310555831744381     
 Orbital #:    14
  0.22875058133840229      -0.35883622693788619       0.22875064928270306       -1.7815968188328139E-002  0.21341331913923781      -0.49536024573671783       0.21341327319678841       -1.7815979770208597E-002   4.2398198684795788E-002 -0.21271347503239038       0.24768024515521714       -5.8957286928887857E-008  0.24768008414160769      -0.21271342863500550        4.2398307010798206E-002  0.17941812676123281      -0.27114882709244287       -6.9983059079373406E-004   3.5631722197125661E-002  -6.9973825100413077E-004 -0.27114878671068338       0.17941801012387773     
 Orbital #:    15
  0.18102652084619938       -6.7340601380078483E-008 -0.18102643498974011       -3.0858040822688886E-002 -0.12240610274112612       -9.2961257637438205E-008  0.12240618284106095        3.0858034135919074E-002  0.28861708250415485       0.12361820575122889      -0.42899453033314011        1.5435143574461214E-014  0.42899462329437965      -0.12361828558852686      -0.28861706659092728      -0.31076123408437989       0.10759052816983379       0.24602438985105818        6.6868177418528529E-009 -0.24602439011372262      -0.10759062993954628       0.31076130142499991     
 Orbital #:    16
  0.33191763506734612       -1.0840287001379068E-014 -0.33191763506733235       -5.3591433374355901E-011 -0.23769171218328056       -1.5348833315442789E-014  0.23769171218329410        5.3591520110529700E-011 -0.33191763092463367       0.23769171627214572       -1.0757989502702126E-008   5.6205040621648550E-016   1.0758004240912777E-008 -0.23769171627215879       0.33191763092463505        7.5165531264465013E-010  0.33191763677922803      -0.23769171248183107        3.2578106878844437E-015  0.23769171248183002      -0.33191763677924663       -7.5164141750960756E-010
 Orbital #:    17
 -0.25522535588746986       0.29337904037366680      -0.25522535588746392       -4.0778635858315537E-002   2.3312018405174783E-002  0.24949624081627489        2.3312018405167667E-002  -4.0778635858307953E-002 -0.25522539187372101        2.3312035323300624E-002  0.24949623347833638      -0.39490725620771111       0.24949623347833530        2.3312035323298768E-002 -0.25522539187372545       0.29337906833110788      -0.25522536299486365        2.3312002786447614E-002  -4.0778592821953299E-002   2.3312002786451243E-002 -0.25522536299487003       0.29337906833111316     
 Orbital #:    18
 -0.23016636880135366       0.25243467770108902      -0.23016643292300762       0.20766138146604515        3.7216944866314515E-002  -5.9711300016427056E-002   3.7217028916230480E-002  0.20766128613156054       0.32459163905186561      -0.29322976948351570        2.9855668808030436E-002  -2.5288971237608484E-008   2.9855682514353110E-002 -0.29322973600146368       0.32459165982416233      -0.12621728443576602       -9.4425343164397213E-002  0.25601279702295893      -0.41532268480639178       0.25601274645509803       -9.4425258270450493E-002 -0.12621734238041743     
 Orbital #:    19
 -0.24191957917327755        3.3454361714462671E-008  0.24191951816684093      -0.35967996285253917       0.31710532725936641       -7.9133524837071700E-009 -0.31710531739486908       0.35968001789393061        7.8370204204153693E-002  0.12632176579752311        5.1711518823277042E-002   2.8599544741212021E-015  -5.1711510909929877E-002 -0.12632184351913109       -7.8370118169956898E-002 -0.21861484303521442       0.32028969587433298      -0.19078348265679165       -5.5041389591080347E-008  0.19078355051390267      -0.32028972090209434       0.21861480958085197     
 Orbital #:    20
 -0.30184817322904900       0.26017238616532945      -0.30184812982828291      -0.15078009089285008       0.30805469100581762      -0.29887455028642007       0.30805460829079617      -0.15077993123582620        8.9442493731596739E-002  -3.6853188302740286E-002  0.14943719574824946        2.1161975363802961E-009  0.14943735398349453       -3.6853392755775524E-002   8.9442675241552375E-002 -0.13008612501857489       0.21240549831061789      -0.27120129676269411       0.30156001563324902      -0.27120141850071061       0.21240563641981111      -0.13008626276345950     
 Orbital #:    21
   7.0992618075032293E-002   7.9527045004798600E-008  -7.0992802607233771E-002  0.26115858854499802      -0.13530082692371206       -9.1357158375069001E-008  0.13530101525020174      -0.26115868072302756       0.29690454552845380      -0.33443362263368609       0.25883300296042439        4.0672262717607039E-016 -0.25883291160326627       0.33443360010375239      -0.29690449084851961      -0.22531593595640820       0.22591187773992510      -0.19913277743222435        9.2178025946395952E-008  0.19913261163566848      -0.22591174788765522       0.22531585642936086     
 Orbital #:    22
 -0.14206465851328537       0.10339608523574753      -0.14206465851328587      -0.20262241475234327       0.23036682326680272      -0.31431401009453391       0.23036682326680391      -0.20262241475234483      -0.14206465864971293       0.23036682582932635      -0.31431401323095642       0.32995890282948448      -0.31431401323095676       0.23036682582932685      -0.14206465864971257       0.10339608683921174      -0.14206466057774952       0.23036682431424726      -0.20262241343261858       0.23036682431424627      -0.14206466057774830       0.10339608683921088     
