          26          26
 Orbital #:     1
   7.4464005434733097E-002   7.4464005434733083E-002  0.10481073414608923       0.10481073414608967       0.18807463071168068       0.18807463071168104       0.18380744426812093       0.18380744426812115       0.26533059670114229       0.26533059670114184       0.22617555354139879       0.22617555354139754       0.29242732371572466       0.29242732371572427       0.22617555405012144       0.22617555405012135       0.26533059916253293       0.26533059916253143       0.18380744566267149       0.18380744566267043       0.18807463480927950       0.18807463480927855       0.10481073577756661       0.10481073577756542        7.4464008889089273E-002   7.4464008889088676E-002
 Orbital #:     2
  0.14522102839237530       0.14522102839237566       0.18471302058664707       0.18471302058664868       0.29040451237455805       0.29040451237455944       0.22270299435486124       0.22270299435486221       0.22661114189809334       0.22661114189809353        9.7508663295054865E-002   9.7508663295055073E-002   4.6666980872038024E-009   4.6666976460419086E-009  -9.7508661534300989E-002  -9.7508661534301475E-002 -0.22661113576981276      -0.22661113576981140      -0.22270299362288540      -0.22270299362288407      -0.29040451329974981      -0.29040451329974826      -0.18471302130631068      -0.18471302130630957      -0.14522103326889160      -0.14522103326889121     
 Orbital #:     3
 -0.21002426325725906      -0.21002426325725906      -0.22165070176082685      -0.22165070176082821      -0.25888211080517348      -0.25888211080517504       -8.9638143896161052E-002  -8.9638143896162203E-002   7.7202029377834283E-002   7.7202029377833006E-002  0.17587614513134447       0.17587614513134256       0.29937688300789594       0.29937688300789539       0.17587614493091935       0.17587614493091966        7.7202040419593887E-002   7.7202040419593651E-002  -8.9638143700686762E-002  -8.9638143700686665E-002 -0.25888210484795871      -0.25888210484795793      -0.22165070147149904      -0.22165070147149821      -0.21002426857416606      -0.21002426857416609     
 Orbital #:     4
 -0.26570985406135261      -0.26570985406135239      -0.20672046574943084      -0.20672046574943229      -0.10139897088833649      -0.10139897088833744       0.10069969213663053       0.10069969213662974       0.30025932569665953       0.30025932569665864       0.16151495185239739       0.16151495185239684        7.6745764019741078E-009   7.6745766036093149E-009 -0.16151495388050258      -0.16151495388050144      -0.30025932813574591      -0.30025932813574374      -0.10069969011781620      -0.10069969011781574       0.10139895692971400       0.10139895692971290       0.20672046593651203       0.20672046593651025       0.26570985926174551       0.26570985926174506     
 Orbital #:     5
   5.6738322895987001E-002  -5.6738322895980652E-002  0.12803231790537214      -0.12803231790536990       0.14486181933358155      -0.14486181933358372       0.23142420864467561      -0.23142420864467786       0.21046220283479528      -0.21046220283479644       0.29004168181323825      -0.29004168181323692       0.23421294958297431      -0.23421294958297376       0.29004168607743158      -0.29004168607743325       0.21046221043487512      -0.21046221043487673       0.23142421894235699      -0.23142421894236070       0.14486183017042850      -0.14486183017043183       0.12803232722551822      -0.12803232722551625        5.6738329406433606E-002  -5.6738329406429276E-002
 Orbital #:     6
  0.30547299476011658       0.30547299476010908       0.14365022303108191       0.14365022303106842      -0.11897655150451354      -0.11897655150452575      -0.18611744818991449      -0.18611744818992981      -0.17502319480281964      -0.17502319480282871        8.5272524921686438E-002   8.5272524921680221E-002  0.31416943265854386       0.31416943265854724        8.5272519385192980E-002   8.5272519385207107E-002 -0.17502317513877119      -0.17502317513875534      -0.18611744799155905      -0.18611744799153843      -0.11897657245730542      -0.11897657245729089       0.14365022554528903       0.14365022554530305       0.30547299878472445       0.30547299878473111     
 Orbital #:     7
 -0.11015173068336644       0.11015173068338158      -0.23463506284246080       0.23463506284246846      -0.22193116597783938       0.22193116597783297      -0.29132832803021264       0.29132832803020087      -0.17842126176412129       0.17842126176410950      -0.12981988838676720       0.12981988838677183       -1.0492720518867471E-008   1.0492740337017563E-008  0.12981987043133661      -0.12981987043133053       0.17842124891363872      -0.17842124891364738       0.29132832261151559      -0.29132832261153030       0.22193116872609325      -0.22193116872610544       0.23463506757690603      -0.23463506757689653       0.11015173775141751      -0.11015173775139554     
 Orbital #:     8
 -0.15430838055804363       0.15430838055800825      -0.29860551428205107       0.29860551428204429      -0.19304515194172300       0.19304515194175406      -0.13044988953854139       0.13044988953855091        5.1395510002404110E-002  -5.1395510002424580E-002  0.23607078218310404      -0.23607078218311722       0.22076753580956823      -0.22076753580956643       0.23607079169336528      -0.23607079169335193        5.1395529696809050E-002  -5.1395529696791412E-002 -0.13044987647236711       0.13044987647235626      -0.19304514430372535       0.19304514430369440      -0.29860551393540535       0.29860551393541329      -0.15430838770990069       0.15430838770993663     
 Orbital #:     9
  0.31282942643150297       0.31282942643151895        5.6523307205350093E-002   5.6523307205383747E-002 -0.29613031017551128      -0.29613031017548685      -0.10514704917823978      -0.10514704917821879       0.17741002202939379       0.17741002202939068       0.13681912679544725       0.13681912679542058        2.3748983682648549E-008   2.3748957734114349E-008 -0.13681912987129982      -0.13681912987132780      -0.17741006179317412      -0.17741006179317875       0.10514705626578971       0.10514705626580489       0.29613033006182915       0.29613033006184747       -5.6523312708481495E-002  -5.6523312708454558E-002 -0.31282942435839561      -0.31282942435838185     
 Orbital #:    10
  0.22017373050672776       0.22017373050619485       -3.9503350999997344E-004  -3.9503351089962939E-004 -0.26672065467630024      -0.26672065467651740        2.8610806223167617E-003   2.8610806227280356E-003  0.29210782761408033       0.29210782761467596       -1.4797435428913009E-003  -1.4797435421780429E-003 -0.30015373064028417      -0.30015373064028283       -1.4797279448999048E-003  -1.4797279456106969E-003  0.29210780815811499       0.29210780815751886        2.8610679272237506E-003   2.8610679268148715E-003 -0.26672061920227208      -0.26672061920205209       -3.9502690914495429E-004  -3.9502690824150851E-004  0.22017368751290617       0.22017368751344027     
 Orbital #:    11
 -0.18089043965520085       0.18089043965584828      -0.30565294007746224       0.30565294007746113       -7.3642737796720550E-002   7.3642737795934790E-002  0.13947369885125266      -0.13947369885124408       0.20200489461879570      -0.20200489461793483       0.24119035394631760      -0.24119035394632315        1.1513677290904641E-008  -1.1514565081703289E-008 -0.24119034611131873       0.24119034611131546      -0.20200489959547699       0.20200489959634019      -0.13947370827864175       0.13947370827865144        7.3642720752816290E-002  -7.3642720753604771E-002  0.30565293613497224      -0.30565293613497480       0.18089044686916003      -0.18089044686851138     
 Orbital #:    12
  0.17755108891929031      -0.17755108891929330       0.25237394080466091      -0.25237394080466241       -6.3728230633997615E-002   6.3728230634000571E-002 -0.32087006283714786       0.32087006283714919      -0.10365128720489937       0.10365128720489705       0.14417007936490880      -0.14417007936491050       0.18019721754477025      -0.18019721754477047       0.14417008745480306      -0.14417008745480211      -0.10365126636275221       0.10365126636275475      -0.32087006343132024       0.32087006343132046       -6.3728252998398627E-002   6.3728252998394297E-002  0.25237393544751746      -0.25237393544751763       0.17755109580626779      -0.17755109580626449     
 Orbital #:    13
  0.12486839963609389      -0.12486839963609370       0.14654532581687077      -0.14654532581687160      -0.11407719232362672       0.11407719232362652      -0.27364564679310688       0.27364564679310782        6.6161019610883637E-002  -6.6161019610882582E-002  0.34736079431735867      -0.34736079431735956        1.7989341632891857E-008  -1.7989344619437481E-008 -0.34736079262215391       0.34736079262215536       -6.6161050706632710E-002   6.6161050706633875E-002  0.27364564259039781      -0.27364564259039814       0.11407721093137750      -0.11407721093137783      -0.14654532177932175       0.14654532177932161      -0.12486840477820284       0.12486840477820232     
 Orbital #:    14
 -0.12486839963609002      -0.12486839963609048       0.14654532581686913       0.14654532581686810       0.11407719232362454       0.11407719232362401      -0.27364564679310327      -0.27364564679310271       -6.6161019610882665E-002  -6.6161019610882166E-002  0.34736079431735595       0.34736079431735578       -1.7989340488551682E-008  -1.7989339164197054E-008 -0.34736079262215697      -0.34736079262215491        6.6161050706629282E-002   6.6161050706629157E-002  0.27364564259040514       0.27364564259040369      -0.11407721093137774      -0.11407721093137863      -0.14654532177932761      -0.14654532177932739       0.12486840477820617       0.12486840477820603     
 Orbital #:    15
  0.17755108891929017       0.17755108891929031      -0.25237394080466091      -0.25237394080466019       -6.3728230634001640E-002  -6.3728230634000876E-002  0.32087006283715158       0.32087006283715092      -0.10365128720489454      -0.10365128720489408      -0.14417007936491827      -0.14417007936491821       0.18019721754476861       0.18019721754476808      -0.14417008745479221      -0.14417008745479135      -0.10365126636275747      -0.10365126636275826       0.32087006343131974       0.32087006343131669       -6.3728252998393867E-002  -6.3728252998392868E-002 -0.25237393544752101      -0.25237393544752001       0.17755109580626824       0.17755109580626605     
 Orbital #:    16
 -0.18089043965556439      -0.18089043965548263       0.30565294007746152       0.30565294007746013       -7.3642737796274477E-002  -7.3642737796373980E-002 -0.13947369885125369      -0.13947369885125396       0.20200489461831153       0.20200489461841847      -0.24119035394631697      -0.24119035394631688        1.1514169950125603E-008   1.1514059487021586E-008  0.24119034611132545       0.24119034611132498      -0.20200489959596107      -0.20200489959585444       0.13947370827864028       0.13947370827863767        7.3642720753262836E-002   7.3642720753165733E-002 -0.30565293613497302      -0.30565293613497208       0.18089044686879460       0.18089044686887373     
 Orbital #:    17
 -0.22017373050642658       0.22017373050649278       -3.9503351050472886E-004   3.9503351039554227E-004  0.26672065467641964      -0.26672065467639494        2.8610806225501367E-003  -2.8610806224961512E-003 -0.29210782761441495       0.29210782761434012       -1.4797435424903928E-003   1.4797435425788006E-003  0.30015373064028289      -0.30015373064028267       -1.4797279452988430E-003   1.4797279452096474E-003 -0.29210780815778009       0.29210780815785542        2.8610679269952606E-003  -2.8610679270448282E-003  0.26672061920214807      -0.26672061920217682       -3.9502690863652348E-004   3.9502690874909858E-004 -0.22017368751320782       0.22017368751314123     
 Orbital #:    18
  0.31282942643150946      -0.31282942643150863       -5.6523307205368828E-002   5.6523307205364769E-002 -0.29613031017549707       0.29613031017549946       0.10514704917822720      -0.10514704917822945       0.17741002202939529      -0.17741002202939429      -0.13681912679543420       0.13681912679543448        2.3748964858932607E-008  -2.3748966792234398E-008  0.13681912987131845      -0.13681912987131403      -0.17741006179317517       0.17741006179317315      -0.10514705626579700       0.10514705626580009       0.29613033006183753      -0.29613033006183781        5.6523312708467353E-002  -5.6523312708471260E-002 -0.31282942435838873       0.31282942435839062     
 Orbital #:    19
  0.15430838055802390       0.15430838055802834      -0.29860551428204873      -0.29860551428204979       0.19304515194173830       0.19304515194173583      -0.13044988953854267      -0.13044988953854292       -5.1395510002419313E-002  -5.1395510002414962E-002  0.23607078218311395       0.23607078218311392      -0.22076753580956274      -0.22076753580956585       0.23607079169335043       0.23607079169335074       -5.1395529696792348E-002  -5.1395529696790669E-002 -0.13044987647237119      -0.13044987647237344       0.19304514430371397       0.19304514430371469      -0.29860551393540963      -0.29860551393540835       0.15430838770991964       0.15430838770991581     
 Orbital #:    20
 -0.11015173068336868      -0.11015173068337840       0.23463506284246199       0.23463506284246510      -0.22193116597783377      -0.22193116597782833       0.29132832803019931       0.29132832803019465      -0.17842126176410347      -0.17842126176410197       0.12981988838674913       0.12981988838675218       -1.0492711235572464E-008  -1.0492717254973988E-008 -0.12981987043135343      -0.12981987043135274       0.17842124891365166       0.17842124891365649      -0.29132832261153108      -0.29132832261153374       0.22193116872610358       0.22193116872610402      -0.23463506757690453      -0.23463506757690136       0.11015173775140973       0.11015173775140412     
 Orbital #:    21
 -0.30547299476011397       0.30547299476011225       0.14365022303107830      -0.14365022303107211       0.11897655150451861      -0.11897655150452573      -0.18611744818991702       0.18611744818992904       0.17502319480281583      -0.17502319480282530        8.5272524921689949E-002  -8.5272524921679929E-002 -0.31416943265854563       0.31416943265853975        8.5272519385198628E-002  -8.5272519385194062E-002  0.17502317513876664      -0.17502317513876867      -0.18611744799154964       0.18611744799154947       0.11897657245729613      -0.11897657245729396       0.14365022554529477      -0.14365022554529966      -0.30547299878472595       0.30547299878472833     
 Orbital #:    22
   5.6738322895982463E-002   5.6738322895993003E-002 -0.12803231790537692      -0.12803231790538305       0.14486181933359257       0.14486181933359071      -0.23142420864469301      -0.23142420864468788       0.21046220283480863       0.21046220283480160      -0.29004168181324841      -0.29004168181324841       0.23421294958297389       0.23421294958297917      -0.29004168607742709      -0.29004168607743025       0.21046221043486568       0.21046221043486640      -0.23142421894234336      -0.23142421894233983       0.14486183017041909       0.14486183017041429      -0.12803232722550223      -0.12803232722550295        5.6738329406422046E-002   5.6738329406426834E-002
 Orbital #:    23
  0.26570985406135184      -0.26570985406135161      -0.20672046574943137       0.20672046574942970       0.10139897088833277      -0.10139897088833107       0.10069969213663191      -0.10069969213663442      -0.30025932569665736       0.30025932569665997       0.16151495185239340      -0.16151495185239673       -7.6745689461314632E-009   7.6745709356424497E-009 -0.16151495388050763       0.16151495388050494       0.30025932813574591      -0.30025932813574441      -0.10069969011781667       0.10069969011781321      -0.10139895692971393       0.10139895692971752       0.20672046593650967      -0.20672046593651361      -0.26570985926174401       0.26570985926174540     
 Orbital #:    24
 -0.21002426325725868       0.21002426325725851       0.22165070176082849      -0.22165070176082735      -0.25888211080517309       0.25888211080517215        8.9638143896159136E-002  -8.9638143896158998E-002   7.7202029377838377E-002  -7.7202029377838821E-002 -0.17587614513134661       0.17587614513134753       0.29937688300789461      -0.29937688300789517      -0.17587614493091547       0.17587614493091588        7.7202040419584922E-002  -7.7202040419585338E-002   8.9638143700692341E-002  -8.9638143700692188E-002 -0.25888210484796204       0.25888210484796270       0.22165070147149940      -0.22165070147149907      -0.21002426857416587       0.21002426857416501     
 Orbital #:    25
 -0.14522102839237663       0.14522102839237661       0.18471302058664971      -0.18471302058664887      -0.29040451237455878       0.29040451237455800       0.22270299435485927      -0.22270299435485863      -0.22661114189808462       0.22661114189808468        9.7508663295046538E-002  -9.7508663295046760E-002  -4.6666854148363912E-009   4.6666853194266000E-009  -9.7508661534309121E-002   9.7508661534309676E-002  0.22661113576981715      -0.22661113576981820      -0.22270299362288751       0.22270299362288773       0.29040451329975092      -0.29040451329975175      -0.18471302130631009       0.18471302130631093       0.14522103326889083      -0.14522103326889105     
 Orbital #:    26
   7.4464005434735775E-002  -7.4464005434735928E-002 -0.10481073414609304       0.10481073414609322       0.18807463071168662      -0.18807463071168615      -0.18380744426812670       0.18380744426812631       0.26533059670114822      -0.26533059670114811      -0.22617555354140295       0.22617555354140356       0.29242732371572705      -0.29242732371572733      -0.22617555405011991       0.22617555405012077       0.26533059916252388      -0.26533059916252472      -0.18380744566266452       0.18380744566266422       0.18807463480927150      -0.18807463480927158      -0.10481073577756149       0.10481073577756134        7.4464008889085359E-002  -7.4464008889085290E-002
