           6           6
 Orbital #:     1
  0.26982524996913360       0.40304642155115783       0.51453660370657839       0.51453660370657872       0.40304642155115744       0.26982524996913343     
 Orbital #:     2
  0.46700474669436831       0.50833858054036529       0.15329205491197306      -0.15329205491197467      -0.50833858054036485      -0.46700474669436776     
 Orbital #:     3
  0.45727551983899467       0.28132804625385771      -0.46016695812168334      -0.46016695812168362       0.28132804625385877       0.45727551983899623     
 Orbital #:     4
 -0.45727551983899706       0.28132804625385927       0.46016695812168340      -0.46016695812168268      -0.28132804625385793       0.45727551983899467     
 Orbital #:     5
 -0.46700474669436781       0.50833858054036540      -0.15329205491197553      -0.15329205491197229       0.50833858054036551      -0.46700474669436853     
 Orbital #:     6
  0.26982524996913243      -0.40304642155115661       0.51453660370657950      -0.51453660370657917       0.40304642155115838      -0.26982524996913398     
