            ORB  1    ORB  2    ORB  3    ORB  4    ORB  5    ORB  6
 Site   4  -0.19254   0.28019   0.20566   0.00991  -0.23113   0.35357
 Site  14  -0.19254  -0.28019   0.20566  -0.00991  -0.23113  -0.35357
 Site  15  -0.19254  -0.28019   0.20566  -0.00991   0.23113   0.35357
            ORB  7    ORB  8    ORB  9
 Site   4  -0.26752  -0.19517   0.23224
 Site  14  -0.26752  -0.19517  -0.23224
 Site  15   0.26752  -0.19517  -0.23224
            ORB 10    ORB 11    ORB 12    ORB 13    ORB 14    ORB 15
 Site   4   0.23224  -0.19517   0.26752  -0.35357   0.23113  -0.00991
 Site  14   0.23224   0.19517  -0.26752  -0.35357  -0.23113  -0.00991
 Site  15   0.23224   0.19517   0.26752   0.35357   0.23113  -0.00991
            ORB 16    ORB 17    ORB 18
 Site   4  -0.20566   0.28019  -0.19254
 Site  14   0.20566   0.28019   0.19254
 Site  15   0.20566   0.28019   0.19254
