          26          26
 Orbital #:     1
   6.9979840523890502E-002   6.9979840523890335E-002  0.10283807617672053       0.10283807617672047       0.18720088465291904       0.18720088465291904       0.18239849248728082       0.18239849248728066       0.26736171643048146       0.26736171643048168       0.22583582457788329       0.22583582457788376       0.29573522709332140       0.29573522709332140       0.22583582505676239       0.22583582505676228       0.26736171789486241       0.26736171789486207       0.18239849370164926       0.18239849370164915       0.18720088691773373       0.18720088691773404       0.10283807738787674       0.10283807738787738        6.9979842166712214E-002   6.9979842166712533E-002
 Orbital #:     2
 -0.13696133311473074      -0.13696133311473044      -0.18194567215557930      -0.18194567215557908      -0.29225267948266004      -0.29225267948265993      -0.22262539331803433      -0.22262539331803435      -0.23133182218732551      -0.23133182218732531       -9.8230645476891171E-002  -9.8230645476891740E-002  -2.3381818897907364E-009  -2.3381821554655820E-009   9.8230643364790676E-002   9.8230643364790302E-002  0.23133181920498447       0.23133181920498433       0.22262539266888851       0.22262539266888837       0.29225268001514049       0.29225268001514076       0.18194567284693242       0.18194567284693280       0.13696133525886495       0.13696133525886509     
 Orbital #:     3
  0.19899966739690469       0.19899966739690417       0.21940866889296434       0.21940866889296368       0.26820460115042560       0.26820460115042566        9.2764753110736717E-002   9.2764753110736370E-002  -7.2162527292489342E-002  -7.2162527292489662E-002 -0.17513569852951777      -0.17513569852951830      -0.30278711141535197      -0.30278711141535197      -0.17513569956100911      -0.17513569956100933       -7.2162532242237259E-002  -7.2162532242237176E-002   9.2764751620786304E-002   9.2764751620786456E-002  0.26820459875530867       0.26820459875530928       0.21940866888582172       0.21940866888582278       0.19899966977189507       0.19899966977189545     
 Orbital #:     4
 -0.25456075594879429      -0.25456075594879396      -0.20610644816195597      -0.20610644816195578      -0.12108908990745071      -0.12108908990745054        9.6752189049461979E-002   9.6752189049462547E-002  0.30327873132590655       0.30327873132590655       0.16345461349504523       0.16345461349504534        3.1536358830341429E-009   3.1536362766448676E-009 -0.16345461287839022      -0.16345461287838908      -0.30327873253002890      -0.30327873253002813       -9.6752189858117177E-002  -9.6752189858116330E-002  0.12108908434352959       0.12108908434353033       0.20610644779311846       0.20610644779311929       0.25456075844729037       0.25456075844729054     
 Orbital #:     5
  -5.3325210786421676E-002   5.3325210786439807E-002 -0.12888251003284945       0.12888251003285786      -0.14450570259722956       0.14450570259722420      -0.23258879748153857       0.23258879748152769      -0.20970604485134114       0.20970604485132943      -0.29059327709193167       0.29059327709193600      -0.23300297868260192       0.23300297868261982      -0.29059327793503464       0.29059327793503931      -0.20970604636048815       0.20970604636047768      -0.23258879959518575       0.23258879959517600      -0.14450570488578585       0.14450570488578166      -0.12888251207811566       0.12888251207812315       -5.3325212325829777E-002   5.3325212325843849E-002
 Orbital #:     6
 -0.30165333987341947      -0.30165333987341630      -0.14448022496828156      -0.14448022496827423        9.3468276574529288E-002   9.3468276574537185E-002  0.18506638512294901       0.18506638512296142       0.19118726601055053       0.19118726601056121       -8.3721614848479689E-002  -8.3721614848465131E-002 -0.32119452652904784      -0.32119452652903596       -8.3721614979750655E-002  -8.3721614979735140E-002  0.19118725875309184       0.19118725875310380       0.18506638514991336       0.18506638514992721        9.3468284905955712E-002   9.3468284905965024E-002 -0.14448022477621272      -0.14448022477620459      -0.30165334224395890      -0.30165334224395557     
 Orbital #:     7
 -0.10297451776348888       0.10297451776348707      -0.23480459262015274       0.23480459262015183      -0.22263493816350000       0.22263493816350163      -0.29253678153780771       0.29253678153780865      -0.17929290315225668       0.17929290315225699      -0.13028055607953912       0.13028055607953837       -2.2907929248045267E-009   2.2907912533478060E-009  0.13028055219330861      -0.13028055219330889       0.17929290029958864      -0.17929290029958755       0.29253678043780845      -0.29253678043780790       0.22263493883048127      -0.22263493883048191       0.23480459392970260      -0.23480459392970199       0.10297451973203642      -0.10297451973203468     
 Orbital #:     8
 -0.14423836739148668       0.14423836739160173      -0.29782718528006452       0.29782718528008378      -0.19838764535802628       0.19838764535792927      -0.13191366255399781       0.13191366255396186        4.9726407894649376E-002  -4.9726407894594413E-002  0.23765661443756775      -0.23765661443752203       0.22262976688886543      -0.22262976688886355       0.23765661669279003      -0.23765661669283528        4.9726412541393684E-002  -4.9726412541451423E-002 -0.13191365943349578       0.13191365943353020      -0.19838764338293979       0.19838764338303824      -0.29782718537855773       0.29782718537853858      -0.14423836952583521       0.14423836952572008     
 Orbital #:     9
 -0.33228042593620299      -0.33228042593615303       -5.5006452719259982E-002  -5.5006452719157037E-002  0.28554342484631107       0.28554342484637951       0.10317082247155986       0.10317082247160450      -0.16375024634026306      -0.16375024634028088      -0.13255411759788982      -0.13255411759797237       -8.5924986665452958E-009  -8.5925745286100247E-009  0.13255411782651882       0.13255411782643989       0.16375026129469261       0.16375026129467818      -0.10317082302964334      -0.10317082302959515      -0.28554343368455176      -0.28554343368448248        5.5006453193006545E-002   5.5006453193109116E-002  0.33228042672286423       0.33228042672291380     
 Orbital #:    10
  0.24717296545863854       0.24717296545864026       -2.4061292931629769E-003  -2.4061292931595334E-003 -0.26768745636485242      -0.26768745636485147        3.3700457149415893E-003   3.3700457149411053E-003  0.27842943113732171       0.27842943113732010       -1.4377912041560971E-003  -1.4377912041580033E-003 -0.28180417896437848      -0.28180417896437859       -1.4377888794484244E-003  -1.4377888794467675E-003  0.27842942518789232       0.27842942518789415        3.3700436931321737E-003   3.3700436931339926E-003 -0.26768744473626493      -0.26768744473626482       -2.4061280660823696E-003  -2.4061280660829069E-003  0.24717294911194926       0.24717294911194884     
 Orbital #:    11
 -0.17082933539322470       0.17082933539322534      -0.30551878660518855       0.30551878660518889       -8.6133778564616084E-002   8.6133778564617153E-002  0.13685554576585934      -0.13685554576585973       0.20483333643683743      -0.20483333643683871       0.24366051265253350      -0.24366051265253311        2.7320341989796572E-009  -2.7320317358583414E-009 -0.24366051077424414       0.24366051077424389      -0.20483333763193734       0.20483333763193504      -0.13685554820334725       0.13685554820334772        8.6133774063449298E-002  -8.6133774063445787E-002  0.30551878572527030      -0.30551878572527025       0.17082933760355817      -0.17082933760356106     
 Orbital #:    12
 -0.17252379323260675       0.17252379323260619      -0.25513154941844679       0.25513154941844612        4.8884292889245111E-002  -4.8884292889244473E-002  0.31994656283194572      -0.31994656283194545       0.11307265308228412      -0.11307265308228437      -0.14279065431162943       0.14279065431162952      -0.18554438898238512       0.18554438898238537      -0.14279065633072413       0.14279065633072355       0.11307264793057575      -0.11307264793057638       0.31994656313307945      -0.31994656313307895        4.8884298914448746E-002  -4.8884298914448669E-002 -0.25513154808478666       0.25513154808478666      -0.17252379537184012       0.17252379537184007     
 Orbital #:    13
  0.12745084614696139      -0.12745084614696126       0.15137790106186849      -0.15137790106186838      -0.10679611578915806       0.10679611578915800      -0.27590853711525626       0.27590853711525604        5.9923391304517785E-002  -5.9923391304517910E-002  0.34600472275889127      -0.34600472275889099        4.4394943508082469E-009  -4.4394939330975489E-009 -0.34600472240110569       0.34600472240110597       -5.9923399196240679E-002   5.9923399196240977E-002  0.27590853616974276      -0.27590853616974137       0.10679612096456913      -0.10679612096456999      -0.15137790000859297       0.15137790000859225      -0.12745084777428969       0.12745084777428919     
 Orbital #:    14
 -0.12745084614696198      -0.12745084614696151       0.15137790106186752       0.15137790106186785       0.10679611578915878       0.10679611578915864      -0.27590853711525570      -0.27590853711525565       -5.9923391304517307E-002  -5.9923391304517785E-002  0.34600472275889060       0.34600472275889049       -4.4394934698176860E-009  -4.4394930841942694E-009 -0.34600472240110575      -0.34600472240110658        5.9923399196240665E-002   5.9923399196240609E-002  0.27590853616974254       0.27590853616974309      -0.10679612096457003      -0.10679612096457010      -0.15137790000859203      -0.15137790000859219       0.12745084777428894       0.12745084777428933     
 Orbital #:    15
 -0.17252379323260764      -0.17252379323260703       0.25513154941844624       0.25513154941844635        4.8884292889245833E-002   4.8884292889246686E-002 -0.31994656283194695      -0.31994656283194683       0.11307265308228572       0.11307265308228505       0.14279065431162830       0.14279065431162843      -0.18554438898238534      -0.18554438898238523       0.14279065633072438       0.14279065633072466       0.11307264793057611       0.11307264793057510      -0.31994656313307807      -0.31994656313307884        4.8884298914449398E-002   4.8884298914449738E-002  0.25513154808478483       0.25513154808478533      -0.17252379537183876      -0.17252379537183957     
 Orbital #:    16
 -0.17082933539322429      -0.17082933539322229       0.30551878660518428       0.30551878660518511       -8.6133778564613364E-002  -8.6133778564615376E-002 -0.13685554576586062      -0.13685554576586081       0.20483333643683685       0.20483333643683915      -0.24366051265253352      -0.24366051265253252        2.7320336137304686E-009   2.7320308479946776E-009  0.24366051077424500       0.24366051077424455      -0.20483333763193917      -0.20483333763193490       0.13685554820334797       0.13685554820334792        8.6133774063449561E-002   8.6133774063445884E-002 -0.30551878572527214      -0.30551878572527275       0.17082933760355909       0.17082933760356295     
 Orbital #:    17
  0.24717296545863446      -0.24717296545863629        2.4061292931643317E-003  -2.4061292931610487E-003 -0.26768745636484959       0.26768745636484803       -3.3700457149441086E-003   3.3700457149433267E-003  0.27842943113732121      -0.27842943113731938        1.4377912041565882E-003  -1.4377912041596747E-003 -0.28180417896437826       0.28180417896437904        1.4377888794476212E-003  -1.4377888794451824E-003  0.27842942518789338      -0.27842942518789549       -3.3700436931311806E-003   3.3700436931327349E-003 -0.26768744473626666       0.26768744473626771        2.4061280660803673E-003  -2.4061280660843134E-003  0.24717294911195284      -0.24717294911195056     
 Orbital #:    18
 -0.33228042593618212       0.33228042593617618        5.5006452719214206E-002  -5.5006452719200655E-002  0.28554342484634276      -0.28554342484635187      -0.10317082247157677       0.10317082247158385      -0.16375024634027532       0.16375024634027605       0.13255411759792651      -0.13255411759793487       -8.5925285688384072E-009   8.5925373881249515E-009 -0.13255411782648455       0.13255411782647492       0.16375026129468334      -0.16375026129468032       0.10317082302962122      -0.10317082302961914      -0.28554343368451762       0.28554343368451274       -5.5006453193054361E-002   5.5006453193061570E-002  0.33228042672288560      -0.33228042672288921     
 Orbital #:    19
 -0.14423836739153995      -0.14423836739155046       0.29782718528007446       0.29782718528007607      -0.19838764535798248      -0.19838764535797279       0.13191366255397918       0.13191366255397613        4.9726407894627053E-002   4.9726407894620288E-002 -0.23765661443754868      -0.23765661443754454       0.22262976688886227       0.22262976688886407      -0.23765661669280502      -0.23765661669281091        4.9726412541416694E-002   4.9726412541421565E-002  0.13191365943351310       0.13191365943351752      -0.19838764338298409      -0.19838764338299550       0.29782718537854991       0.29782718537854769      -0.14423836952578425      -0.14423836952577138     
 Orbital #:    20
 -0.10297451776348868      -0.10297451776348984       0.23480459262015413       0.23480459262015410      -0.22263493816350272      -0.22263493816349986       0.29253678153780499       0.29253678153780499      -0.17929290315225238      -0.17929290315225477       0.13028055607953373       0.13028055607953484       -2.2907893747175351E-009  -2.2907879019284102E-009 -0.13028055219331219      -0.13028055219331325       0.17929290029959027       0.17929290029959036      -0.29253678043781045      -0.29253678043780840       0.22263493883048344       0.22263493883047977      -0.23480459392970177      -0.23480459392970346       0.10297451973203281       0.10297451973203839     
 Orbital #:    21
 -0.30165333987341769       0.30165333987342036       0.14448022496827492      -0.14448022496827917        9.3468276574537601E-002  -9.3468276574533896E-002 -0.18506638512295745       0.18506638512295376       0.19118726601055658      -0.19118726601055422        8.3721614848471362E-002  -8.3721614848473375E-002 -0.32119452652904068       0.32119452652904162        8.3721614979742745E-002  -8.3721614979742440E-002  0.19118725875309767      -0.19118725875309778      -0.18506638514992002       0.18506638514991933        9.3468284905960416E-002  -9.3468284905959376E-002  0.14448022477620767      -0.14448022477620817      -0.30165334224395662       0.30165334224395607     
 Orbital #:    22
   5.3325210786433527E-002   5.3325210786430176E-002 -0.12888251003285625      -0.12888251003285497       0.14450570259722786       0.14450570259722856      -0.23258879748153310      -0.23258879748153510       0.20970604485133568       0.20970604485133754      -0.29059327709193661      -0.29059327709193622       0.23300297868261310       0.23300297868261102      -0.29059327793503770      -0.29059327793503648       0.20970604636048137       0.20970604636048196      -0.23258879959517689      -0.23258879959517781       0.14450570488578030       0.14450570488578079      -0.12888251207811627      -0.12888251207811599        5.3325212325835501E-002   5.3325212325834946E-002
 Orbital #:    23
 -0.25456075594879346       0.25456075594879424       0.20610644816195406      -0.20610644816195484      -0.12108908990744816       0.12108908990744857       -9.6752189049463519E-002   9.6752189049463491E-002  0.30327873132590771      -0.30327873132590716      -0.16345461349504675       0.16345461349504614        3.1536375737043700E-009  -3.1536369152141805E-009  0.16345461287838875      -0.16345461287838978      -0.30327873253002863       0.30327873253002935        9.6752189858116469E-002  -9.6752189858117066E-002  0.12108908434353036      -0.12108908434352986      -0.20610644779311971       0.20610644779311860       0.25456075844729098      -0.25456075844729059     
 Orbital #:    24
 -0.19899966739690467       0.19899966739690503       0.21940866889296382      -0.21940866889296393      -0.26820460115042571       0.26820460115042555        9.2764753110735731E-002  -9.2764753110735731E-002   7.2162527292490078E-002  -7.2162527292489759E-002 -0.17513569852951791       0.17513569852951780       0.30278711141535075      -0.30278711141535064      -0.17513569956100822       0.17513569956100788        7.2162532242235441E-002  -7.2162532242235927E-002   9.2764751620787733E-002  -9.2764751620787067E-002 -0.26820459875530994       0.26820459875530939       0.21940866888582353      -0.21940866888582283      -0.19899966977189643       0.19899966977189601     
 Orbital #:    25
  0.13696133311473180      -0.13696133311473194      -0.18194567215558002       0.18194567215558025       0.29225267948266093      -0.29225267948266076      -0.22262539331803372       0.22262539331803383       0.23133182218732345      -0.23133182218732354       -9.8230645476890074E-002   9.8230645476889950E-002   2.3381810021136373E-009  -2.3381810680331294E-009   9.8230643364790884E-002  -9.8230643364791176E-002 -0.23133181920498500       0.23133181920498566       0.22262539266888878      -0.22262539266888914      -0.29225268001514132       0.29225268001514093       0.18194567284693311      -0.18194567284693255      -0.13696133525886539       0.13696133525886506     
 Orbital #:    26
  -6.9979840523891126E-002   6.9979840523891168E-002  0.10283807617672121      -0.10283807617672126      -0.18720088465292023       0.18720088465292017       0.18239849248728060      -0.18239849248728063      -0.26736171643048101       0.26736171643048129       0.22583582457788426      -0.22583582457788412      -0.29573522709332245       0.29573522709332278       0.22583582505676328      -0.22583582505676328      -0.26736171789486279       0.26736171789486302       0.18239849370164801      -0.18239849370164779      -0.18720088691773146       0.18720088691773140       0.10283807738787523      -0.10283807738787540       -6.9979842166711312E-002   6.9979842166711201E-002
