           ORB_  1   ORB_  2   ORB_  3   ORB_  4   ORB_  5   ORB_  6 
 Site   1   0.08953  -0.02986  -0.22163  -0.12514   0.20514  -0.23481 
 Site   3   0.08953   0.02985  -0.22163   0.12514   0.20514  -0.23481 
           ORB_  7   ORB_  8   ORB_  9   ORB_ 10   ORB_ 11   ORB_ 12 
 Site   1   0.22304   0.16628   0.28735   0.12559  -0.34039   0.14072 
 Site   3  -0.22304  -0.16628   0.28735   0.12559   0.34039   0.14072 
           ORB_ 13   ORB_ 14   ORB_ 15   ORB_ 16   ORB_ 17   ORB_ 18 
 Site   1  -0.16599  -0.09742   0.13805  -0.29284  -0.01862  -0.29811 
 Site   3  -0.16599   0.09742   0.13805   0.29284  -0.01862   0.29811 
           ORB_ 19   ORB_ 20   ORB_ 21   ORB_ 22   ORB_ 23   ORB_ 24 
 Site   1   0.05306   0.13557   0.10832   0.18228  -0.11649   0.07599 
 Site   3   0.05306  -0.13557   0.10832  -0.18227  -0.11649   0.07599 
           ORB_ 25   ORB_ 26   ORB_ 27   ORB_ 28   ORB_ 29   ORB_ 30 
 Site   1  -0.17654  -0.20962  -0.11870  -0.16730   0.09404  -0.18997 
 Site   3   0.17654  -0.20962   0.11870  -0.16730  -0.09404  -0.18997 
           ORB_ 31   ORB_ 32   ORB_ 33 
 Site   1   0.18406  -0.01941  -0.06900 
 Site   3   0.18406   0.01941  -0.06900 
           ORB_  1   ORB_  2   ORB_  3   ORB_  4   ORB_  5   ORB_  6 
 Site   1  -0.06900   0.01941  -0.18406   0.18997   0.09404  -0.16730 
 Site   3  -0.06900  -0.01941  -0.18406   0.18997  -0.09404  -0.16730 
           ORB_  7   ORB_  8   ORB_  9   ORB_ 10   ORB_ 11   ORB_ 12 
 Site   1  -0.11870   0.20962   0.17654  -0.07599  -0.11649  -0.18227 
 Site   3   0.11870   0.20962  -0.17654  -0.07599  -0.11649   0.18227 
           ORB_ 13   ORB_ 14   ORB_ 15 
 Site   1   0.10832   0.13557  -0.05306 
 Site   3   0.10832  -0.13556  -0.05306 
           ORB_ 16   ORB_ 17   ORB_ 18   ORB_ 19   ORB_ 20   ORB_ 21 
 Site   1  -0.29811  -0.01862  -0.29284  -0.13805  -0.09742   0.16599 
 Site   3   0.29811  -0.01862   0.29284  -0.13805   0.09742   0.16599 
           ORB_ 22   ORB_ 23   ORB_ 24   ORB_ 25   ORB_ 26   ORB_ 27 
 Site   1  -0.14072   0.34039  -0.12559  -0.28735  -0.16628   0.22304 
 Site   3  -0.14072  -0.34039  -0.12559  -0.28735   0.16628  -0.22304 
           ORB_ 28   ORB_ 29   ORB_ 30   ORB_ 31   ORB_ 32   ORB_ 33 
 Site   1  -0.23481   0.20514  -0.12514  -0.22163   0.02986  -0.08953 
 Site   3  -0.23481   0.20514   0.12514  -0.22163  -0.02985  -0.08953 
