          33          33
 Orbital #:     1
   8.9525692666158188E-002   5.7433638489282950E-002   8.9525692666158466E-002  0.15077064635175116       0.14881342430161884       0.22121843153260132       0.14881342430161937       0.15077064635175225       0.15077064567142229       0.18621818747442390       0.27794843601729086       0.25175469090588559       0.27794843601729130       0.18621818747442437       0.15077064567142295        8.9525692313557920E-002  0.14881342365253722       0.22121843233688213       0.25175469182743998       0.27794843516771350       0.25175469182744015       0.22121843233688140       0.14881342365253708        8.9525692313557656E-002   5.7433638536629597E-002   8.9525692478774316E-002  0.14881342443134657       0.15077064581491742       0.18621818624156986       0.15077064581491711       0.14881342443134654        8.9525692478774593E-002   5.7433638536629972E-002
 Orbital #:     2
  -2.9856009882272005E-002  -1.3057545327811656E-006   2.9852352608280723E-002 -0.13601908194427839       -5.9246176234160862E-002  -2.8950894181840653E-006   5.9241553618980744E-002  0.13601564424438617      -0.24842419351402231      -0.19842082414857454      -0.17119531911630770       -1.6322464574417879E-006  0.17119368811552368       0.19841893376672964       0.24842396857117768      -0.20686535197955341      -0.27222264639600485      -0.30387540991411699      -0.17132443721365978        1.6310007881029946E-006  0.17132606946012977       0.30387830500354768       0.27222411106317512       0.20686675397732548      -0.13705507344093451      -0.17701074496446681      -0.21297793700143094      -0.11240488841541929        1.8903818324350009E-006  0.11240855105814285       0.21298109494944090       0.17701300024068392       0.13705637919547040     
 Orbital #:     3
 -0.22163177805148637      -0.15825832090350528      -0.22163227069202920      -0.20832463849113164      -0.28013153376364347      -0.35088676976438016      -0.28013251137979372      -0.20832688298971466       -1.3629561775620108E-002 -0.11455613353103646       -9.8837779302881040E-002 -0.19782936008209195       -9.8840604279133285E-002 -0.11455940776843412       -1.3633661160323256E-002   8.4963239661984685E-002   8.8761565412724605E-002  0.17544589291635218        9.8916094407741198E-002  0.19767838413209421        9.8913267273914848E-002  0.17544087847437154        8.8757073302499961E-002   8.4959826049546439E-002   7.9130291411958473E-002  0.13667195179495190       0.19137446050070456       0.22195829877686402       0.22911553986040584       0.22195644389071284       0.19137094600659366       0.13666903082304149        7.9128029778764847E-002
 Orbital #:     4
 -0.12513630804724149       -1.8223933242024828E-008  0.12513626456765314      -0.33380802055400971      -0.19346528673108665       -1.6209770452996208E-008  0.19346525637792436       0.33380802415762501      -0.18162814006827524      -0.29336439519034574      -0.18072689655404053        2.6230433257845749E-009  0.18072691866993057       0.29336443108979438       0.18162819953930634       0.11508572703585898        2.7287793859894667E-002  0.13246356804644865       -2.1434872161267438E-002  -2.2115779998131690E-008   2.1434869538305732E-002 -0.13246355183670630       -2.7287743171434318E-002 -0.11508568232649363       0.14892284489847241       0.24022198915370008       0.22075302838045724       0.15217981967652189       -3.5899426204747537E-008 -0.15217988275122499      -0.22075304871588633      -0.24022199038366973      -0.14892282667462078     
 Orbital #:     5
  0.20513699709724564       0.17196129308594305       0.20513702362033337       -1.7002025311398335E-002  0.14320641752252086       0.15295574826270975       0.14320645852818226       -1.7001954559584982E-002 -0.28058524324899536      -0.16937405806251848      -0.10434276783421373       -2.4750872163438749E-002 -0.10434272952849465      -0.16937399588287444      -0.28058520475225124      -0.21093967047365747      -0.23914903745799282       -7.6477852317614683E-002   1.2375411533009908E-002  0.20868543760000766        1.2375416076208314E-002  -7.6477880393742884E-002 -0.23914904324173344      -0.21093969486648687       -8.5980610147948319E-002   5.8027479719723208E-003   9.5942661420873418E-002  0.29758724621785915       0.33874804155664689       0.29758721396279109        9.5942614631471565E-002   5.8026970560559506E-003  -8.5980641712680078E-002
 Orbital #:     6
 -0.23480564083568334      -0.19891456119572587      -0.23480564083571781       -7.2232433456386996E-002 -0.15852242110543074       -6.5939017403367994E-002 -0.15852242110548145       -7.2232433456473608E-002  -7.2232452348319751E-002   5.4387220585414849E-002  0.27217834557347187       0.20351456601543089       0.27217834557342607        5.4387220585339978E-002  -7.2232452348365145E-002 -0.23480567199840788      -0.15852244839056207       -6.5939033439768202E-002  0.20351456927139308       0.27217836810577922       0.20351456927138836       -6.5939033439733022E-002 -0.15852244839055327      -0.23480567199837779      -0.19891458138259660      -0.23480565612010212      -0.15852242448711798       -7.2232410783084053E-002   5.4387256858360197E-002  -7.2232410783045251E-002 -0.15852242448706180      -0.23480565612004198      -0.19891458138255921     
 Orbital #:     7
  0.22304421627524779       -3.7865234544258899E-015 -0.22304421627525464       0.24235010535469440       0.24121436707068875        3.1888378821057896E-015 -0.24121436707068730      -0.24235010535469020      -0.24235010696196235       -1.5178411021614489E-009  -2.1766187963304315E-009   2.2818092257417620E-015   2.1766192099453464E-009   1.5178449288882143E-009  0.24235010696196554      -0.22304421512181369      -0.24121436606500532       -3.1813479665642517E-010  -1.2723083484308117E-009  -4.6765076184507083E-015   1.2723005190091798E-009   3.1812925383832544E-010  0.24121436606500335       0.22304421512181308       -3.9131657042754275E-010  0.22304421535675675       0.24121436636751076       0.24235010615492900        2.1120867080705612E-015 -0.24235010615492109      -0.24121436636750754      -0.22304421535675273        3.9131843180668393E-010
 Orbital #:     8
  0.16627735656230247        8.1471869359424354E-009 -0.16627734123551288       0.14511533976187174       0.16864738162876264       -7.3921048160657116E-009 -0.16864738244846134      -0.14511534169415777        4.1184628859096233E-002  -2.9979849993573282E-002 -0.24775752385787775       -8.0425871585351055E-009  0.24775751622814557        2.9979849070330088E-002  -4.1184621189689609E-002  0.33198916742002593        7.1014799888253446E-002 -0.24004115100538292      -0.26116402251479853        7.6297359239991397E-009  0.26116403055739418       0.24004115839749512       -7.1014791688116363E-002 -0.33198916740260526       0.26456048519192316       0.16571180935647933       -9.7632591459169027E-002 -0.10393072028078960        9.2323067975839425E-010  0.10393071454364251        9.7632584078732126E-002 -0.16571182470067597      -0.26456049333910309     
 Orbital #:     9
  0.28734780688818851       0.30548815367164106       0.28734781575721952       -3.6226510780462115E-002  -1.5367795323659054E-002 -0.27717563493507186       -1.5367786328215709E-002  -3.6226503040191878E-002  0.14378677546710236       -1.7308903101754407E-002 -0.14304285362390481      -0.30156622095221419      -0.14304286683899356       -1.7308904700845056E-002  0.14378677766384615        3.2651656724657285E-004  0.15373680994010272       0.13858784922506429       0.15078314925487116       0.28608575316892626       0.15078313532469681       0.13858783642155967       0.15373681372795273        3.2653427515496399E-004 -0.15274406067872695      -0.28767429688199436      -0.13836902069931861      -0.10756036528787187        3.4617718880402652E-002 -0.10756037083141506      -0.13836902590692779      -0.28767428804313144      -0.15274404656738910     
 Orbital #:    10
  0.12558681067162017       0.13223312623822159       0.12558681067162145      -0.28158644121259213       -1.0650514551039903E-002  0.14029654050585402       -1.0650514551039299E-002 -0.28158644121259213      -0.28158646300888346      -0.24988609905159434        9.7975884827486703E-002  0.18376469237817217        9.7975884827481208E-002 -0.24988609905159356      -0.28158646300887785       0.12558684410069235       -1.0650535028993723E-002  0.14029649034653946       0.18376463944646301        9.7975835064580505E-002  0.18376463944645616       0.14029649034653241       -1.0650535028987764E-002  0.12558684410070464       0.13223318011025642       0.12558687742175323       -1.0650501584352818E-002 -0.28158643346338319      -0.24988610480472964      -0.28158643346339041       -1.0650501584359925E-002  0.12558687742175298       0.13223318011026311     
 Orbital #:    11
 -0.34038543883531908        2.3052741008955436E-008  0.34038547326519869        4.7469901047312538E-002 -0.20157814532804730       -4.1537049142768200E-008  0.20157811972576395       -4.7469889935904494E-002   6.3063935705618190E-002  0.22118921009710182       0.22001149102411735       -6.6779505198501586E-009 -0.22001145994477092      -0.22118917885139136       -6.3063931202759507E-002  -4.8327766409135095E-002 -0.19140868976149283      -0.29404183553120117       -4.7273400490942509E-002  -3.1079336866326840E-008   4.7273407168893097E-002  0.29404187706823171       0.19140865984952640        4.8327677068730777E-002  0.16319094178194446       0.29205776377459264        1.0169487052495860E-002   1.5594032258886191E-002  -3.1245703028620842E-008  -1.5594047873152734E-002  -1.0169431538259853E-002 -0.29205770886404958      -0.16319096483467357     
 Orbital #:    12
  0.14071762909570554       0.18843667919070081       0.14071754581238294        4.5413194503177580E-002 -0.10463848304645856      -0.33953028387346984      -0.10463853236729996        4.5413206117804285E-002   1.8403526243305691E-002  0.12770361100209782       0.12702365483143566       -5.4586623624948774E-002  0.12702370866243154       0.12770366512124626        1.8403541673381429E-002 -0.36514124344525867      -0.12225250291971891       0.16976518684752948        2.7293317420836450E-002 -0.25404737434208102        2.7293305854286912E-002  0.16976511490326004      -0.12225254975236231      -0.36514125526977365       -9.4218365221678355E-002  0.22442361922055265       0.22689103951011533       -6.3816738205017501E-002 -0.25540728483068414       -6.3816734389571333E-002  0.22689104199831123       0.22442369067936069       -9.4218325293165026E-002
 Orbital #:    13
 -0.16598657639211237      -0.22709049333206913      -0.16598657639210132       -8.3892012775050318E-003  0.13581110898321741       0.36850547902456765       0.13581110898322460       -8.3892012775055105E-003  -8.3892003652724628E-003 -0.14234341014079396      -0.18320096440782105        3.0925640234127261E-003 -0.18320096440783548      -0.14234341014080087       -8.3892003652676489E-003 -0.16598656719651689       0.13581110991712539       0.36850546960555908        3.0925615210337025E-003 -0.18320096019120810        3.0925615210299945E-003  0.36850546960556907       0.13581110991713485      -0.16598656719651719      -0.22709048821223909      -0.16598657747654164       0.13581110404293126       -8.3891996982346055E-003 -0.14234340489543273       -8.3891996982274723E-003  0.13581110404293451      -0.16598657747655446      -0.22709048821224853     
 Orbital #:    14
  -9.7420741276447995E-002   1.0497943691803601E-007   9.7420893601186095E-002   2.6649080308769762E-002  -4.8295257106025891E-002   4.4677243876133782E-008   4.8295116238743913E-002  -2.6649514986001287E-002  0.35449910120823358        6.4439765909851440E-002 -0.29379351492237654        1.7190262581043008E-007  0.29379370207798738       -6.4439806959991908E-002 -0.35449890933425893      -0.16826875753112119        8.6417965172368300E-002  -7.0133569168652918E-002 -0.26984981789185097       -1.8715561603460063E-007  0.26984964598922612        7.0133524491419658E-002  -8.6417848590429364E-002  0.16826877445886282      -0.16479494109318363       -7.0848033736877286E-002  0.13471310552372817       0.32784982753091119        4.1050136162119847E-008 -0.32784958472765535      -0.13471308123837691        7.0847864484387998E-002  0.16479483611373991     
 Orbital #:    15
  0.13805415376871366       0.19028874621214883       0.13805404627751525      -0.39395422669292735      -0.12767001510872136        8.0983246084620708E-002 -0.12767006839617770      -0.39395419728889464       0.17389794213144741       -3.7204363787920761E-002  0.16962198122035893       0.31159563152801373       0.16962165705732740       -3.7204292686996689E-002  0.17389833327499130        1.5341947300183442E-002  0.10565983215913605       -4.0491584659909978E-002 -0.15579766628390707      -0.33924363755614151      -0.15579796402798693       -4.0491662043158357E-002  0.10565992751005369        1.5341761637484807E-002  -9.5144281394625232E-002 -0.15339591420336335        2.2010087565979004E-002  0.22005589357477165        7.4408656518656593E-002  0.22005625531427966        2.2010236204356659E-002 -0.15339599237485643       -9.5144463224348871E-002
 Orbital #:    16
 -0.29283510796343065       -2.2617594642276034E-015  0.29283510796342854       0.28407742054245388       -1.4638498476115168E-002   5.2612363645914412E-015   1.4638498476117590E-002 -0.28407742054245982      -0.28407742067190339        3.4121944365814952E-010  -5.9201181209692261E-010  -1.0764911140230037E-015   5.9200541191641135E-010  -3.4122025219399697E-010  0.28407742067191477       0.29283510700792514        1.4638498591567590E-002   5.5539698356580414E-011  -4.8264932766425794E-010   6.2310277955278152E-015   4.8265060900898925E-010  -5.5544423527890120E-011  -1.4638498591568995E-002 -0.29283510700793319        2.7845824155815733E-010 -0.29283510794545570       -1.4638497978969687E-002  0.28407741991027513        3.0985349094405850E-016 -0.28407741991028113        1.4638497978968365E-002  0.29283510794546425       -2.7845758018604968E-010
 Orbital #:    17
  -1.8624973430704645E-002  -4.2789646227890020E-002  -1.8624851609658946E-002 -0.23704680382027515        3.9660963183666340E-002  0.29243924237135233        3.9660962268777120E-002 -0.23704692717380019       0.37994255229931995       -1.7117955979335187E-002 -0.15916122264092933       -2.4530950872014581E-002 -0.15916110998796862       -1.7117943863392420E-002  0.37994257451244950      -0.24885897085661038       -1.7891578175980801E-002 -0.14621956878701065        1.2265471199751504E-002  0.31832233366701707        1.2265479881154590E-002 -0.14621967228005128       -1.7891592669276802E-002 -0.24885890335479277        2.1394815012976423E-002  0.26748387743399066       -2.1769370848291343E-002 -0.14289576960147984        3.4235899195418362E-002 -0.14289562403479658       -2.1769384426698710E-002  0.26748382311473340        2.1394830156056168E-002
 Orbital #:    18
 -0.29811064303513102        8.7428595801279478E-009  0.29811065064608377       0.30186085826900555        2.2388364503746483E-003  -5.9751734700699832E-008  -2.2388526575789600E-003 -0.30186076140128287       -5.4358280177606487E-002  -2.9649154819388897E-002 -0.27567519462217255        5.0122099706350481E-009  0.27567525966238909        2.9649161814532664E-002   5.4358124916449674E-002 -0.16518492024983100        3.5466827486103032E-002  0.25325984260930229       -2.1244429205250121E-002  -6.5040216635624953E-008   2.1244424193039915E-002 -0.25325978285756806       -3.5466820174819266E-002  0.16518502194448237       -3.7056925114405573E-002  0.13292562213841136        3.3227983296747636E-002 -0.35621898416967129       -6.9951426582594289E-009  0.35621904256310555       -3.3227974400827455E-002 -0.13292573144401554        3.7056916371545755E-002
 Orbital #:    19
   5.3060219586985140E-002 -0.24550642269918327        5.3060205334311425E-002 -0.22262969157175874       0.18052391391641864        8.0803933326423716E-002  0.18052393380132892      -0.22262968744887249        7.7353615596820302E-002  0.14232394840633386        7.5856324171299200E-002 -0.46315212156234398        7.5856310357885384E-002  0.14232392248918049        7.7353637928667451E-002   9.0872637304535236E-002 -0.25405880118717028       -4.0401962626233384E-002  0.23157603948055919      -0.15171263526754286       0.23157608165049870       -4.0401969983422478E-002 -0.25405880768139461        9.0872625347073438E-002  0.12275320136151069      -0.14393284599717995        7.3534891607853398E-002  0.14527605460347381      -0.28464787287869486       0.14527607281243518        7.3534865228720173E-002 -0.14393284370196877       0.12275322371483724     
 Orbital #:    20
  0.13556500244307848        1.2905700272347609E-008 -0.13556500802158156       -3.9215026262453517E-002 -0.18913630995209815       -4.2476736537844229E-009  0.18913629097265455        3.9215049668700083E-002 -0.21241049054658001       0.24651228155862448       0.13138699217113836        2.4346826846266545E-008 -0.13138700014631857      -0.24651229652189774       0.21241048241398042       0.11373398916845687        6.1770169331514191E-002   6.9978260676753515E-002 -0.40110151513223929        7.9751797422977777E-009  0.40110149078541307       -6.9978256429079511E-002  -6.1770142620958618E-002 -0.11373399872238003      -0.21261480536746102       -2.1831002426473626E-002  0.25090645058981526      -0.17319545599113118        1.4963273814450062E-008  0.17319544071748427      -0.25090645832092773        2.1831017558900181E-002  0.21261479246176054     
 Orbital #:    21
  0.10831819652111957      -0.34900377405571381       0.10831911828237417       -2.7189835698188478E-002  0.19096247763971733      -0.21569386463134646       0.19096102555232530       -2.7189738912653836E-002  -2.9800222891999614E-003 -0.14798972288005938       0.13579677450814198       -8.3735332472967439E-002  0.13579558507472944      -0.14798842664956482       -2.9798548192855817E-003 -0.21201387387211634       0.15319451021986213       0.10784645241655508        4.1867483168130791E-002 -0.27159235330234660        4.1867849885379740E-002  0.10784739704360177       0.15319294786290533      -0.21201388737092036       0.17450111072124003       0.10369569858757502      -0.34415541441895908        3.0169689867969165E-002  0.29597814113222259        3.0169760552336097E-002 -0.34415552468849542       0.10369476332750568       0.17450263917641973     
 Orbital #:    22
  0.18227501405736751       -8.8245401881625884E-007 -0.18227446629117325        1.9138898341921128E-002 -0.28714420974749572       -5.4538068549464525E-007  0.28714517543886087       -1.9139035840363042E-002   3.3116523014409691E-002  0.25632421642229647      -0.23520553522360521       -2.1172430476196213E-007  0.23520622194331309      -0.25632496480132788       -3.3116538083926936E-002  -2.6698727177366793E-003 -0.30894968618967500       0.18679663475340880        7.2517029875820357E-002  -6.8671970039624330E-007  -7.2516818151517559E-002 -0.18679608937274192       0.30895046088858730        2.6688005659849454E-003  0.30224656892201124      -0.18494381600862317       -2.1806246547457997E-002   1.3977637755729088E-002   7.4837902854646421E-007  -1.3977485187780046E-002   2.1804506157212147E-002  0.18494434039420565      -0.30224568646803018     
 Orbital #:    23
 -0.11648831551662858       0.35436214242468822      -0.11648831551661966       -4.9621163061812339E-003 -0.17919800682315157       0.25492747047854830      -0.17919800682316508       -4.9621163061805878E-003  -4.9621163498474166E-003  0.18789463406395868      -0.12666914449411068       -3.3407718631922969E-003 -0.12666914449412087       0.18789463406397092       -4.9621163498462925E-003 -0.11648832235681331      -0.17919800715642598       0.25492747660351112       -3.3407691179779915E-003 -0.12666915339703838       -3.3407691179760564E-003  0.25492747660352133      -0.17919800715643983      -0.11648832235681451       0.35436215106887248      -0.11648831493180042      -0.17919801745806713       -4.9621162396958724E-003  0.18789464535660702       -4.9621162396954787E-003 -0.17919801745806771      -0.11648831493181032       0.35436215106888896     
 Orbital #:    24
   7.5993544794118781E-002 -0.16983718708746670        7.5993544794120779E-002 -0.20889013844156334        3.3283149090157879E-002  0.10422962787980865        3.3283149090154146E-002 -0.20889013844156196      -0.20889013879237742       0.36440668410091442        6.3832418003897953E-002 -0.23605568688299750        6.3832418003896232E-002  0.36440668410091642      -0.20889013879237714        7.5993546568119311E-002   3.3283151998655752E-002  0.10422962296155810      -0.23605568050434450        6.3832416136862302E-002 -0.23605568050434395       0.10422962296156030        3.3283151998654427E-002   7.5993546568118533E-002 -0.16983719210170417        7.5993547405744585E-002   3.3283149488283453E-002 -0.20889013650824190       0.36440668184993502      -0.20889013650824148        3.3283149488281948E-002   7.5993547405743753E-002 -0.16983719210170106     
 Orbital #:    25
 -0.17653765739330954       -5.3918185122932932E-015  0.17653765739331451      -0.16502457920433647       0.32904104690846236       -3.2252931319556140E-015 -0.32904104690846131       0.16502457920433772       0.16502457963506417       -2.2553977812143313E-009   2.3638809582773762E-009   4.1720018107027177E-015  -2.3638823965582746E-009   2.2553946758979416E-009 -0.16502457963506034       0.17653765674993760      -0.32904104593808375       -3.3054441475444688E-010  -1.9046527485175663E-009   3.7748563082728843E-016   1.9046506093755668E-009   3.3054727827733309E-010  0.32904104593807926      -0.17653765674993818       -8.8970534098412784E-010 -0.17653765648251418       0.32904104731187195      -0.16502458062650124        1.3211381601358588E-015  0.16502458062649986      -0.32904104731187078       0.17653765648250994        8.8971121212253701E-010
 Orbital #:    26
 -0.20961706307822575       0.41717389523325143      -0.20961722433881450       -7.1906578392866216E-003  -1.8556617811484794E-002  0.23555930409469786       -1.8556307536656057E-002  -7.1908375661777187E-003 -0.11097273850780472        2.3833080090167706E-002   9.4785223994050719E-002 -0.37784133761320110        9.4785447033419387E-002   2.3833136171861592E-002 -0.11097283683153117        2.0120437163875298E-003  0.20706502648376407      -0.11777979248998384       0.18892089375988311      -0.18957067216018036       0.18892044921066686      -0.11777951534269086       0.20706515978858461        2.0117164610418846E-003 -0.20858719118369662       0.20760534518686211      -0.18850854185215729       0.11816350050052669       -4.7666226701473420E-002  0.11816358190370181      -0.18850871882218767       0.20760517919211757      -0.20858670035776175     
 Orbital #:    27
 -0.11869953731568950        2.8337848562674794E-007  0.11869925253761825      -0.13229192590020081       0.22838458289720123        1.6001106495919584E-007 -0.22838460810732400       0.13229191613111788       -7.2373407533601941E-002   4.1280175549295389E-002  0.16417308207181083       -2.5666060888239473E-007 -0.16417295329997236       -4.1280143170518077E-002   7.2373256770090488E-002 -0.24088346861953866        9.8122071834981256E-002  0.20400026139548455      -0.32722006903956730       -1.2877184028987909E-007  0.32722032570018061      -0.20400042140655014       -9.8121790524030528E-002  0.24088347135280361       0.36128304890048346      -0.12218393289537630      -0.13026279329931728        5.9918669087863523E-002  -3.2378782884793893E-008  -5.9918508555261069E-002  0.13026253719848563       0.12218421494018172      -0.36128333227896625     
 Orbital #:    28
 -0.16730064226283362       0.23079261267755211      -0.16730053980820836        2.3541658117356198E-002  0.16278615474774116      -0.11084485338991643       0.16278591678928442        2.3541926093558596E-002  0.20124271743966293      -0.22144508745392574       0.11664305169538319       -7.9735571030185692E-002  0.11664327180512619      -0.22144550532896606       0.20124287363985480       0.16509130962189697      -0.27054569178840271        5.5422481012531791E-002   3.9867829663848317E-002 -0.23328633636357299        3.9867754431937324E-002   5.5422376428466126E-002 -0.27054565717614742       0.16509120299816502      -0.11539642408965861        2.2094516527478912E-003  0.10775949088525773      -0.22478452935527668       0.44289059744820403      -0.22478464113128580       0.10775976345596860        2.2092425743921143E-003 -0.11539620633277894     
 Orbital #:    29
   9.4039823307811826E-002   1.2572199296868431E-007  -9.4040005578496330E-002  0.24596703695364180      -0.21841457990617680       -6.0381636828523763E-008  0.21841475725834300      -0.24596701130532636       0.14337140940816287      -0.38355462775338561       0.20203195390233186       -4.3435164958745533E-008 -0.20203182682191267       0.38355438649311918      -0.14337119015812272       -9.7866518828389135E-002   3.1769366017032230E-002  -9.5994430844755257E-002  -6.9053011733712075E-002  -1.2708042020988856E-007   6.9053055168878399E-002   9.5994491226393072E-002  -3.1769660771185287E-002   9.7866698692040344E-002  0.19987220652361817      -0.19190651989887256       0.25018423791934574      -0.10259584511538951        2.4126026796590269E-007  0.10259560021703351      -0.25018412051736166       0.19190652230590827      -0.19987233224561315     
 Orbital #:    30
 -0.18997220912469878       0.25186710404744472      -0.18997220912469612       -5.8835678158364511E-002  0.20585663811823224       -8.3967546638063023E-002  0.20585663811822746       -5.8835678158359168E-002  -5.8835673953232477E-002  -6.3187272793398946E-002  0.21917506074829632      -0.21670106693114111       0.21917506074830012       -6.3187272793407079E-002  -5.8835673953229015E-002 -0.18997220307229748       0.20585662904995017       -8.3967542750012447E-002 -0.21670106469791042       0.21917505309641069      -0.21670106469791120       -8.3967542750014168E-002  0.20585662904995036      -0.18997220307229865       0.25186709789203010      -0.18997220544000232       0.20585663646420790       -5.8835683116482795E-002  -6.3187258804524860E-002  -5.8835683116484155E-002  0.20585663646421118      -0.18997220544000468       0.25186709789203282     
 Orbital #:    31
  0.18406037735568867      -0.18921368608090000       0.18406037406712811       0.15482120448068640      -0.33074820330836052       0.33931643118379845      -0.33074819419671753       0.15482118899221858        1.7622332658619108E-003 -0.12168697620298174        9.2332493629654774E-002 -0.25428088736545285        9.2332466535343410E-002 -0.12168694049480699        1.7622028060368979E-003  -7.5219951908190280E-002  0.11879784440688107      -0.16965819150370332       0.12714042534421593      -0.18466495953000056       0.12714046265267892      -0.16965824128870571       0.11879789749056074       -7.5219980558076938E-002   9.4606829230085496E-002 -0.10884039655303765       0.21195030587928942      -0.15658340607150467       0.24337391452938464      -0.15658342104286263       0.21195034985132721      -0.10884042191436390        9.4606856991792984E-002
 Orbital #:    32
  -1.9410756472230489E-002  -1.6028229247316839E-008   1.9410787655618610E-002  -9.1420880100589616E-002   5.3781568153497307E-002   2.8743383777285469E-008  -5.3781624188640575E-002   9.1420906330295204E-002 -0.17978953399986694       0.21076798310634337      -0.15992453975294940       -2.1540049882640133E-008  0.15992455539585609      -0.21076800372246809       0.17978953429842073      -0.16910635291546877       0.31332714917635729      -0.29385666487896195       0.22021372055756108       -1.5642909682866968E-008 -0.22021369901750804       0.29385663613557800      -0.31332712904970123       0.16910634017175205       0.16386386662880473      -0.14969558387302773       0.25954556259835970       -8.8368656023900830E-002   2.0616125688543985E-008   8.8368629495640810E-002 -0.25954552668987441       0.14969556543335688      -0.16386385060057568     
 Orbital #:    33
  -6.8996641609203796E-002   5.9646989338862914E-002  -6.8996641609203685E-002 -0.11061057926055673       0.15886198627618514      -0.20412253456829710       0.15886198627618509      -0.11061057926055698      -0.11061057854744914       0.20224782614978976      -0.26585282492319873       0.30341871699550649      -0.26585282492319984       0.20224782614979109      -0.11061057854744955       -6.8996641560807204E-002  0.15886198620057471      -0.20412253596264621       0.30341871797390868      -0.26585282398254595       0.30341871797390951      -0.20412253596264793       0.15886198620057629       -6.8996641560807509E-002   5.9646989499833658E-002  -6.8996641560127109E-002  0.15886198674682758      -0.11061057884386037       0.20224782511352132      -0.11061057884386098       0.15886198674682905       -6.8996641560127567E-002   5.9646989499833880E-002
