          33          33
 Orbital #:     1
  -6.8996641609202936E-002  -5.9646989338861797E-002  -6.8996641609202991E-002 -0.11061057926055592      -0.15886198627618406      -0.20412253456829596      -0.15886198627618389      -0.11061057926055602      -0.11061057854744923      -0.20224782614979009      -0.26585282492319956      -0.30341871699550660      -0.26585282492319873      -0.20224782614978878      -0.11061057854744887       -6.8996641560807856E-002 -0.15886198620057573      -0.20412253596264707      -0.30341871797391007      -0.26585282398254628      -0.30341871797390935      -0.20412253596264684      -0.15886198620057471       -6.8996641560807259E-002  -5.9646989499834199E-002  -6.8996641560127511E-002 -0.15886198674682844      -0.11061057884386030      -0.20224782511352024      -0.11061057884386040      -0.15886198674682830       -6.8996641560127608E-002  -5.9646989499834137E-002
 Orbital #:     2
   1.9411143513331744E-002   3.8184926435202125E-007  -1.9410400614437974E-002   9.1421205657560276E-002   5.3782263648873022E-002   6.8476933322986211E-007  -5.3780928693045599E-002  -9.1420580772951496E-002  0.17978953770508330       0.21076823898857808       0.15992473390885212        5.1316039418247347E-007 -0.15992436123930259      -0.21076774783937427      -0.17978953059247232       0.16910619474299615       0.31332689936821417       0.29385630812200414       0.22021345320688890       -3.7266954927713501E-007 -0.22021396636728566      -0.29385699289134187      -0.31332737885656947      -0.16910649834353741       0.16386366768972468       0.14969535500371176       0.25954511690985327        8.8368326760983176E-002  -4.9114919948092806E-007  -8.8368958758199376E-002 -0.25954597237732624      -0.14969579430206473      -0.16386404953898989     
 Orbital #:     3
 -0.18406033653844928      -0.18921368608051378      -0.18406041488361830      -0.15482101224102196      -0.33074809021604479      -0.33931643118310933      -0.33074830728768850      -0.15482138123125300       -1.7618552054188955E-003 -0.12168653300096265       -9.2332157341013188E-002 -0.25428088736493853       -9.2332802823611809E-002 -0.12168738369633136       -1.7625808664723476E-003   7.5220307503929371E-002  0.11879850326921806       0.16965880942350103       0.12714088840813001       0.18466495952962442       0.12713999958824698       0.16965762336821910       0.11879723862774132        7.5219624962032827E-002   9.4607173801910360E-002  0.10884071133184391       0.21195085164979688       0.15658359189227966       0.24337391452888790       0.15658323522144940       0.21194980407995750       0.10884010713511535        9.4606512419584177E-002
 Orbital #:     4
  0.18997220912469295       0.25186710404743939       0.18997220912469581        5.8835678158361215E-002  0.20585663811822708        8.3967546638063217E-002  0.20585663811823121        5.8835678158365844E-002   5.8835673953233289E-002  -6.3187272793400848E-002 -0.21917506074829762      -0.21670106693113889      -0.21917506074829407       -6.3187272793394422E-002   5.8835673953235072E-002  0.18997220307230164       0.20585662904995455        8.3967542750014085E-002 -0.21670106469791381      -0.21917505309641525      -0.21670106469791248        8.3967542750012558E-002  0.20585662904995244       0.18997220307229912       0.25186709789203460       0.18997220544000493       0.20585663646420999        5.8835683116481956E-002  -6.3187258804529828E-002   5.8835683116480117E-002  0.20585663646420652       0.18997220544000240       0.25186709789203099     
 Orbital #:     5
   9.4039926584414998E-002   1.6748955852981857E-008  -9.4039902301920081E-002  0.24596702242105775       0.21841468039591144        8.0441725435128844E-009 -0.21841465676867047      -0.24596702583798125       0.14337128517868267       0.38355449105270190       0.20203188189718721       -5.7865280200861398E-009 -0.20203189882711808      -0.38355452319391470      -0.14337131438764536       -9.7866620741140373E-002  -3.1769533028003887E-002  -9.5994465057672354E-002   6.9053036344568414E-002   1.6929925399532662E-008  -6.9053030558046041E-002   9.5994457013501275E-002   3.1769493760222062E-002   9.7866596779319040E-002 -0.19987227775912167      -0.19190652126275259      -0.25018417139811522      -0.10259570635328230        3.2141212418542780E-008  0.10259573897917050       0.25018418703866441       0.19190652094208546       0.19987226101016989     
 Orbital #:     6
 -0.16730058421093499      -0.23079261267758913      -0.16730059786016180        2.3541809955642694E-002 -0.16278601991787123      -0.11084485338993334      -0.16278605161920920        2.3541774255276135E-002  0.20124280594444949       0.22144532422658547       0.11664317641202218        7.9735571030202027E-002  0.11664314708852852       0.22144526855637273       0.20124278513512481       0.16509124920773136       0.27054567217675174        5.5422421754047421E-002  -3.9867787036618293E-002 -0.23328633636360482       -3.9867797059174349E-002   5.5422435686963097E-002  0.27054567678787117       0.16509126341237429       0.11539630070621194        2.2093331866329135E-003 -0.10775964532686175      -0.22478459268883635      -0.44289059744826753      -0.22478457779779429      -0.10775960901440339        2.2093610405023870E-003  0.11539632971625281     
 Orbital #:     7
 -0.11869926025778858        2.6801403173832091E-007  0.11869952959552249      -0.13229191639595511      -0.22838460742389605       -1.5133544940738292E-007  0.22838458358063662       0.13229192563536973       -7.2373260857205787E-002  -4.1280144048291507E-002  0.16417295679090538       -2.4274476638385436E-007 -0.16417307858088273        4.1280174671528190E-002   7.2373403446492984E-002 -0.24088347127871360       -9.8121798150212783E-002  0.20400041706874827       0.32722031874226698        1.2178997860880166E-007 -0.32722007599749686      -0.20400026573329746        9.8122064208807078E-002  0.24088346869364274      -0.36128332459674717      -0.12218420729410985       0.13026254414123892        5.9918512907210446E-002  -3.0623243855379508E-008  -5.9918664735920016E-002 -0.13026278635657562       0.12218394054145140       0.36128305658272053     
 Orbital #:     8
  0.20961721996713689       0.41717389523325593       0.20961706744991138        7.1908326938895746E-003  -1.8556315948023202E-002 -0.23555930409470136       -1.8556609400109812E-002   7.1906627115823924E-003  0.11097283416603719        2.3833134651523039E-002  -9.4785440986955544E-002 -0.37784133761321537       -9.4785230040524873E-002   2.3833081610514079E-002  0.11097274117331074       -2.0117253327460766E-003  0.20706515617477478       0.11777952285599666       0.18892046126214171       0.18957067216018397       0.18892088170841137       0.11777978497668321       0.20706503009758928       -2.0120348446829380E-003 -0.20858671366377798      -0.20760518369214573      -0.18850871402463670      -0.11816357969690930       -4.7666226701470381E-002 -0.11816350270732098      -0.18850854664971844      -0.20760534068684716      -0.20858717787769487     
 Orbital #:     9
  0.17653765739331351        2.0282995302239863E-015 -0.17653765739331156       0.16502457920434022       0.32904104690846425       -2.9726500780218034E-015 -0.32904104690846236      -0.16502457920433514      -0.16502457963505759       -2.2553909168032377E-009  -2.3638845143792364E-009  -6.3678085016448467E-015   2.3638811140348965E-009   2.2554005170674091E-009  0.16502457963506501      -0.17653765674993760      -0.32904104593807820        3.3054460018532340E-010  -1.9046555519202979E-009   5.5873151275346144E-016   1.9046529924766812E-009  -3.3054441250211214E-010  0.32904104593808187       0.17653765674993591       -8.8970954234875065E-010  0.17653765648251035       0.32904104731187006       0.16502458062650133        2.9184998837436566E-015 -0.16502458062649847      -0.32904104731187078      -0.17653765648251454        8.8970385134082909E-010
 Orbital #:    10
  -7.5993544794125401E-002 -0.16983718708747253       -7.5993544794120946E-002  0.20889013844155929        3.3283149090150448E-002 -0.10422962787980522        3.3283149090159829E-002  0.20889013844156434       0.20889013879237697       0.36440668410091581       -6.3832418003893401E-002 -0.23605568688299047       -6.3832418003894387E-002  0.36440668410091481       0.20889013879237414       -7.5993546568119075E-002   3.3283151998655267E-002 -0.10422962296155890      -0.23605568050434519       -6.3832416136865563E-002 -0.23605568050434561      -0.10422962296155844        3.3283151998649174E-002  -7.5993546568122905E-002 -0.16983719210170259       -7.5993547405743753E-002   3.3283149488283599E-002  0.20889013650824137       0.36440668184993319       0.20889013650824456        3.3283149488290684E-002  -7.5993547405740283E-002 -0.16983719210170339     
 Orbital #:    11
 -0.11648831551660972      -0.35436214242467995      -0.11648831551663535       -4.9621163061825653E-003  0.17919800682317238       0.25492747047854480       0.17919800682313247       -4.9621163061844067E-003  -4.9621163498465830E-003 -0.18789463406398171      -0.12666914449412683        3.3407718631999427E-003 -0.12666914449409561      -0.18789463406394460       -4.9621163498498114E-003 -0.11648832235681862       0.17919800715644996       0.25492747660353154        3.3407691179716892E-003 -0.12666915339704657        3.3407691179784902E-003  0.25492747660350484       0.17919800715640763      -0.11648832235681759      -0.35436215106890384      -0.11648831493181483       0.17919801745807687       -4.9621162396943155E-003 -0.18789464535661435       -4.9621162396956079E-003  0.17919801745807462      -0.11648831493178906      -0.35436215106886176     
 Orbital #:    12
 -0.18227469076938754        1.5918483248421722E-007  0.18227478958028082       -1.9138979492793366E-002 -0.28714477969402713       -9.8380572407205923E-008  0.28714460549410670        1.9138954689609338E-002  -3.3116531908457737E-002  0.25632465811220512       0.23520594052246374        3.8192700354075363E-008 -0.23520581664590973      -0.25632452311300480        3.3116529190083323E-002   2.6692399397555020E-003 -0.30895014341359484      -0.18679631287334300        7.2516904917544214E-002  -1.2387657729287429E-007  -7.2516943110243134E-002  0.18679641125396262       0.30895000366657865       -2.6694333439808132E-003  0.30224604810350708       0.18494412549863240       -2.1805219378901328E-002  -1.3977547711020886E-002  -1.3499923791878137E-007   1.3977575232574188E-002   2.1805533325901749E-002 -0.18494403090533984      -0.30224620728840085     
 Orbital #:    13
  0.10831874053980760       0.34900377405680472       0.10831857426436586       -2.7189778575990860E-002 -0.19096162062643687      -0.21569386463202031      -0.19096188256679544       -2.7189796035021859E-002  -2.9799234493990984E-003  0.14798895785251603       0.13579607251160064        8.3735332473225468E-002  0.13579628707211619       0.14798919167802846       -2.9799536591047929E-003 -0.21201388183968753      -0.15319358812598063       0.10784700993049505       -4.1867699602734766E-002 -0.27159235330318215       -4.1867633451030464E-002  0.10784683953031907      -0.15319386995774037      -0.21201387940465402      -0.17450201280748914       0.10369514660262436       0.34415547950048392        3.0169731585580530E-002 -0.29597814113313542        3.0169718834907593E-002  0.34415545960908756       0.10369531531310215      -0.17450173709123279     
 Orbital #:    14
  0.13556508170872883        3.5385236549748253E-007 -0.13556492875564918       -3.9215358845294569E-002  0.18913604027013858        1.1646400919530994E-007 -0.18913656065422083        3.9214717085777603E-002 -0.21241037498903137      -0.24651249417378587       0.13138710549152482        6.6754861554327700E-007 -0.13138688682565808       0.24651208390622539       0.21241059797108899       0.11373412492148698       -6.1769789797126461E-002   6.9978200320838471E-002  0.40110116918410232       -2.1866586699126275E-007 -0.40110183673271754       -6.9978316784848435E-002   6.1770522155220185E-002 -0.11373386296911349       0.21261462198820721       -2.1831217445391418E-002 -0.25090656044211423      -0.17319523896539585        4.1026756417364057E-007  0.17319565774285908       0.25090634846810717        2.1830802539936418E-002 -0.21261497584057365     
 Orbital #:    15
  -5.3060017068567777E-002 -0.24550642269893092       -5.3060407852621685E-002  0.22262963298881797       0.18052419646388546       -8.0803933326337812E-002  0.18052365125348957       0.22262974603135108       -7.7353932913319226E-002  0.14232358014547450       -7.5856127894319947E-002 -0.46315212156186247       -7.5856506634706264E-002  0.14232429074974470       -7.7353320612007490E-002  -9.0872467399072510E-002 -0.25405889346433791        4.0402067165579092E-002  0.23157663867934619       0.15171263526738282       0.23157548245122964        4.0401865443994101E-002 -0.25405871540369862       -9.0872795252348829E-002  0.12275351898318007       0.14393281338403768        7.3534516782695958E-002 -0.14527631333719468      -0.28464787287840093      -0.14527581407841381        7.3535240053726747E-002  0.14393287631481219       0.12275290609291119     
 Orbital #:    16
 -0.29811064930258446        5.6562578920844546E-009  0.29811064437862278       0.30186077850048632       -2.2388497966639898E-003   3.8656837345975111E-008   2.2388393112907686E-003 -0.30186084116979511       -5.4358152323330598E-002   2.9649160579742539E-002 -0.27567524818141464        3.2426866961779812E-009  0.27567520610315427       -2.9649156054180135E-002   5.4358252770712746E-002 -0.16518500399322819       -3.5466821465416597E-002  0.25325979340502014        2.1244425077801558E-002   4.2078260101207167E-008  -2.1244428320488829E-002 -0.25325983206185698        3.5466826195506486E-002  0.16518493820110319        3.7056917914846645E-002  0.13292571214926580       -3.3227975971146372E-002 -0.35621903225543750       -4.5255604004905751E-009  0.35621899447736310        3.3227981726429483E-002 -0.13292564143317792       -3.7056923571105391E-002
 Orbital #:    17
  -1.8624873113664307E-002   4.2789646227890284E-002  -1.8624951926699988E-002 -0.23704690539928142       -3.9660962430275427E-002  0.29243924237135566       -3.9660963022169357E-002 -0.23704682559479751       0.37994257059135739        1.7117946002113093E-002 -0.15916112987360803        2.4530950872016295E-002 -0.15916120275529558        1.7117953840613525E-002  0.37994255622042122      -0.24885891527029136        1.7891590110903775E-002 -0.14621965401133599       -1.2265478348703994E-002  0.31832233366702234       -1.2265472732203624E-002 -0.14621958705572935        1.7891580734355188E-002 -0.24885895894111792       -2.1394827482981261E-002  0.26748383270323112        2.1769382029822360E-002 -0.14289564973039937       -3.4235899195418029E-002 -0.14289574390588186        2.1769373245168335E-002  0.26748386784550054       -2.1394817686051559E-002
 Orbital #:    18
 -0.29283510796343604       -4.2327252813834093E-015  0.29283510796343948       0.28407742054247187        1.4638498476118762E-002  -1.1546319456101628E-014  -1.4638498476114412E-002 -0.28407742054245766      -0.28407742067192399       -3.4121927505736949E-010  -5.9200941371351234E-010  -1.4710455076283324E-015   5.9202223678944677E-010   3.4121806768983021E-010  0.28407742067189706       0.29283510700793469       -1.4638498591571264E-002   5.5553617261949739E-011   4.8265125229818295E-010  -1.1990408665951691E-014  -4.8264965635258505E-010  -5.5543319943396341E-011   1.4638498591568724E-002 -0.29283510700791593       -2.7845666050740903E-010 -0.29283510794546658        1.4638497978967477E-002  0.28407741991027491        1.2351231148954867E-015 -0.28407741991026408       -1.4638497978969392E-002  0.29283510794544665        2.7845770481094156E-010
 Orbital #:    19
 -0.13805408474273734       0.19028874621217293      -0.13805411530352518       0.39395420781104129      -0.12767004932753595       -8.0983246084635849E-002 -0.12767003417739564       0.39395421617089055      -0.17389819330619441       -3.7204318130122163E-002 -0.16962177305752277       0.31159563152805569      -0.16962186522020689       -3.7204338344805910E-002 -0.17389808210029686       -1.5341828075975176E-002  0.10565989338920317        4.0491634351936708E-002 -0.15579785748173075       0.33924363755619602      -0.15579777283020685        4.0491612351126610E-002  0.10565986628001779       -1.5341880861679863E-002  -9.5144398157480464E-002  0.15339596440158526        2.2010183014841582E-002 -0.22005612586757850        7.4408656518661923E-002 -0.22005602302153232        2.2010140755510849E-002  0.15339594217667657       -9.5144346461531276E-002
 Orbital #:    20
  -9.7420839092529396E-002   2.9846668435362655E-008   9.7420795785134934E-002   2.6649359438861105E-002   4.8295166647426807E-002  -1.2702174381762354E-008  -4.8295206697358151E-002  -2.6649235855918260E-002  0.35449897799548152       -6.4439792270407054E-002 -0.29379363510529866        4.8873581293129575E-008  0.29379358189514737        6.4439780599455654E-002 -0.35449903254710985      -0.16826876840138108       -8.6417890308720671E-002  -7.0133540478960962E-002  0.26984970750378523        5.3210151812477235E-008 -0.26984975637736680        7.0133553181134151E-002   8.6417923454097476E-002  0.16826876358865250       0.16479487368014872       -7.0847925050577382E-002 -0.13471308992879455       0.32784967161367051        1.1670953628875602E-008 -0.32784974064498928       0.13471309683335039        7.0847973170703335E-002 -0.16479490352681953     
 Orbital #:    21
  0.16598657639209949      -0.22709049333206546       0.16598657639210673        8.3892012774960702E-003  0.13581110898322238      -0.36850547902455350       0.13581110898321691        8.3892012774969289E-003   8.3892003652730317E-003 -0.14234341014079438       0.18320096440783040        3.0925640234040351E-003  0.18320096440782385      -0.14234341014079019        8.3892003652714237E-003  0.16598656719652918       0.13581110991712589      -0.36850546960557390        3.0925615210358882E-003  0.18320096019121027        3.0925615210365101E-003 -0.36850546960556824       0.13581110991712184       0.16598656719653210      -0.22709048821224681       0.16598657747654041       0.13581110404294092        8.3891996982364408E-003 -0.14234340489544320        8.3891996982383404E-003  0.13581110404294044       0.16598657747653403      -0.22709048821224428     
 Orbital #:    22
 -0.14071699392351228       0.18843667919042056      -0.14071818098415562       -4.5413283083711987E-002 -0.10463885919863411       0.33953028387296941      -0.10463815621481420       -4.5413117537144422E-002  -1.8403643922928439E-002  0.12770402374921491      -0.12702406538089148       -5.4586623624869199E-002 -0.12702329811260155       0.12770325237375543       -1.8403423993698896E-002  0.36514133362603590      -0.12225286009528485      -0.16976463815416487        2.7293229206862307E-002  0.25404737434168684        2.7293394068180363E-002 -0.16976566359608330      -0.12225219257644090       0.36514116508788108       -9.4218060701106665E-002 -0.22442416421087488       0.22689105848635652        6.3816709105864219E-002 -0.25540728483029296        6.3816763488533074E-002  0.22689102302137429      -0.22442314568837635       -9.4218629813433014E-002
 Orbital #:    23
  0.34038570141908608       -3.2857715131454773E-007 -0.34038521068040140       -4.7469816304513648E-002 -0.20157795006836951       -5.9203916169536797E-007  0.20157831498483156        4.7469974678559054E-002  -6.3063901363837702E-002  0.22118897179699956      -0.22001125399283913        9.5182725757137626E-008  0.22001169697538545      -0.22118941715082330        6.3063965544345124E-002   4.8327085041847656E-002 -0.19140846163341613       0.29404215231886116       -4.7273451421207313E-002  -4.4298255948323206E-007   4.7273356238482833E-002 -0.29404156027968004       0.19140888797702499       -4.8328358435870716E-002  0.16319111759664451      -0.29205734499121661        1.0169063665319701E-002  -1.5594151343273719E-002   4.4535383331330280E-007   1.5593928788714680E-002  -1.0169854925404519E-002  0.29205812764654271      -0.16319078901948098     
 Orbital #:    24
 -0.12558681067166538       0.13223312623828667      -0.12558681067169750       0.28158644121261706       -1.0650514551061422E-002 -0.14029654050579404       -1.0650514551026891E-002  0.28158644121258508       0.28158646300884976      -0.24988609905159306       -9.7975884827478515E-002  0.18376469237810922       -9.7975884827432871E-002 -0.24988609905159964       0.28158646300884782      -0.12558684410067186       -1.0650535028960790E-002 -0.14029649034658748       0.18376463944651561       -9.7975835064641623E-002  0.18376463944646940      -0.14029649034654540       -1.0650535028954602E-002 -0.12558684410072318       0.13223318011020363      -0.12558687742167424       -1.0650501584380898E-002  0.28158643346340523      -0.24988610480472354       0.28158643346341511       -1.0650501584390603E-002 -0.12558687742170824       0.13223318011024918     
 Orbital #:    25
 -0.28734774875987318       0.30548815367159265      -0.28734787388544053        3.6226561510728672E-002  -1.5367854280459961E-002  0.27717563493508518       -1.5367727371411566E-002   3.6226452309800698E-002 -0.14378676106957877       -1.7308892621159609E-002  0.14304276701130347      -0.30156622095223085       0.14304295345161369       -1.7308915181328360E-002 -0.14378679206146999       -3.2640050838891334E-004  0.15373678511430539      -0.13858793314010431       0.15078324055416398      -0.28608575316888424       0.15078304402530451      -0.13858775250644065       0.15373683855373216       -3.2665033395743739E-004 -0.15274415316544276       0.28767435481257053      -0.13836898656830238       0.10756032895506117        3.4617718880452460E-002  0.10756040716409170      -0.13836906003791971       0.28767423011256799      -0.15274395408070840     
 Orbital #:    26
 -0.16627745701513003        1.1494164275926977E-007  0.16627724078265688      -0.14511532709755004       0.16864737625637713        1.0428887704805323E-007 -0.16864738782081645       0.14511535435845249       -4.1184679124949670E-002  -2.9979856044543104E-002  0.24775757386366321       -1.1346596529709929E-007 -0.24775746622232570        2.9979843019356228E-002   4.1184570923836462E-002 -0.33198916753416169        7.1014853632518665E-002  0.24004110255695763      -0.26116396980305895       -1.0764137624991177E-007  0.26116408326909646      -0.24004120684588737       -7.1014737943846842E-002  0.33198916728842731       0.26456043179469940      -0.16571170878950930       -9.7632639831068166E-002  0.10393075788242787        1.3025087957849180E-008 -0.10393067694199484        9.7632535706825133E-002  0.16571192526761722      -0.26456054673628965     
 Orbital #:    27
  0.22304421627525486       -1.7324695231677568E-015 -0.22304421627525176       0.24235010535469106      -0.24121436707068833       -1.1402800131862694E-015  0.24121436707069108      -0.24235010535469642      -0.24235010696196868        1.5178470521972005E-009  -2.1766205023728545E-009  -8.4411115399594614E-016   2.1766234296126417E-009  -1.5178410472326999E-009  0.24235010696196044      -0.22304421512180680       0.24121436606500310       -3.1813180201701786E-010   1.2723029942154498E-009   3.4448422325661387E-015  -1.2723107811927302E-009   3.1813634979955586E-010 -0.24121436606500396       0.22304421512181025        3.9131291520878889E-010  0.22304421535675736      -0.24121436636750654       0.24235010615491825        3.0507802904040831E-015 -0.24235010615492797       0.24121436636750970      -0.22304421535675756       -3.9131467588832343E-010
 Orbital #:    28
 -0.23480564083570071       0.19891456119573173      -0.23480564083571095       -7.2232433456410686E-002  0.15852242110544851       -6.5939017403369882E-002  0.15852242110546833       -7.2232433456446060E-002  -7.2232452348323498E-002  -5.4387220585398847E-002  0.27217834557346188      -0.20351456601543225       0.27217834557344234       -5.4387220585367206E-002  -7.2232452348345064E-002 -0.23480567199839275       0.15852244839055155       -6.5939033439755060E-002 -0.20351456927139128       0.27217836810577362      -0.20351456927138784       -6.5939033439743916E-002  0.15852244839055196      -0.23480567199838284       0.19891458138258408      -0.23480565612008616       0.15852242448710374       -7.2232410783079029E-002  -5.4387256858353154E-002  -7.2232410783062556E-002  0.15852242448708037      -0.23480565612005894       0.19891458138256801     
 Orbital #:    29
  0.20513699645743702      -0.17196129308593944       0.20513702426013122       -1.7002027018116327E-002 -0.14320641653335581       0.15295574826270791      -0.14320645951733885       -1.7001952852873259E-002 -0.28058524417763969       0.16937405956245127      -0.10434276875823961        2.4750872163433819E-002 -0.10434272860445580       0.16937399438294146      -0.28058520382361213      -0.21093966988524421       0.23914903731847795       -7.6477851640347275E-002  -1.2375411423422222E-002  0.20868543760001582       -1.2375416185807356E-002  -7.6477881071012749E-002  0.23914904338125562      -0.21093969545490990        8.5980609386530696E-002   5.8027492001885821E-003  -9.5942662549549487E-002  0.29758724699593131      -0.33874804155664950       0.29758721318471421       -9.5942613502786780E-002   5.8026958278272860E-003   8.5980642474107194E-002
 Orbital #:    30
 -0.12513630909606246        1.9103133793016586E-008  0.12513626351883200      -0.33380802046707675       0.19346528746326930       -1.6991804513626725E-008 -0.19346525564574260       0.33380802424455919      -0.18162813863367644       0.29336439432436295      -0.18072689602056866       -2.7495788830833570E-009  0.18072691920340189      -0.29336443195577755       0.18162820097390492       0.11508572811438325       -2.7287795082643042E-002  0.13246356843747470        2.1434872224556548E-002  -2.3182783029474163E-008  -2.1434869475015713E-002 -0.13246355144568156        2.7287741948687376E-002 -0.11508568124797049      -0.14892284533809608       0.24022198912405113      -0.22075302788992743       0.15217981815500181        3.7631405336177809E-008 -0.15217988427274240       0.22075304920641506      -0.24022199041331829       0.14892282623499764     
 Orbital #:    31
 -0.22163128447359243       0.15825832086029698      -0.22163276414890101      -0.20832238994072713       0.28013055433096834      -0.35088676966857774       0.28013349065950127      -0.20832913142635998       -1.3625455090769671E-002  0.11455285343460138       -9.8834949271514788E-002  0.19782936002807716       -9.8843434256524490E-002  0.11456268780231132       -1.3637767837728007E-002   8.4966659327057228E-002  -8.8766065494146312E-002  0.17545091623555242       -9.8918926546529007E-002  0.19767838407812344       -9.8910435081115869E-002  0.17543585505937020       -8.8752573172611440E-002   8.4956406338079882E-002  -7.9132557048990831E-002  0.13667487792853689      -0.19137798119795327       0.22196015690389320      -0.22911553979785101       0.22195458564248133      -0.19136742520484448       0.13666610461482631       -7.9125764098523302E-002
 Orbital #:    32
   2.9859673657632389E-002  -3.9219117798361403E-006  -2.9848688816618472E-002  0.13602252572573845       -5.9250807060879360E-002   8.6955740943445159E-006   5.9236922759911145E-002 -0.13601220038865255       0.24842441878941288      -0.19842271784090315       0.17119695297333987       -4.9025497868490642E-006 -0.17119205416500974       0.19841703996605276      -0.24842374316013369       0.20686394742990960      -0.27222117904757248       0.30387250958879763      -0.17132280201520339       -4.8988083465942300E-006  0.17132770456503224      -0.30388120516293293       0.27222557826295884      -0.20686815841400910      -0.13705376532488972       0.17700848562579613      -0.21297477337449455       0.11240121922293045        5.6778748157015890E-006 -0.11241222018925047       0.21298425846007793      -0.17701525948269645       0.13705768723667505     
 Orbital #:    33
  -8.9525692666159493E-002   5.7433638489284025E-002  -8.9525692666159215E-002 -0.15077064635175358       0.14881342430162051      -0.22121843153260257       0.14881342430162020      -0.15077064635175225      -0.15077064567142384       0.18621818747442531      -0.27794843601729025       0.25175469090588509      -0.27794843601729069       0.18621818747442459      -0.15077064567142243       -8.9525692313558267E-002  0.14881342365253786      -0.22121843233688135       0.25175469182743859      -0.27794843516771217       0.25175469182743881      -0.22121843233688099       0.14881342365253708       -8.9525692313557503E-002   5.7433638536630249E-002  -8.9525692478775440E-002  0.14881342443134662      -0.15077064581491703       0.18621818624156994      -0.15077064581491656       0.14881342443134574       -8.9525692478774094E-002   5.7433638536629583E-002
