          10          10
 Orbital #:     1
 -0.24436204345711618      -0.30208327716904687      -0.44504580746766242      -0.30208327716904626      -0.24436204345711546      -0.24436204345711632      -0.30208327716904587      -0.44504580746766181      -0.30208327716904620      -0.24436204345711518     
 Orbital #:     2
  0.42384233470550253       0.26525021265097953       -3.9339860790764180E-016 -0.26525021265097931      -0.42384233470550198       0.42384233470550176       0.26525021265097737       -1.1312587034380274E-015 -0.26525021265097859      -0.42384233470550092     
 Orbital #:     3
 -0.18975710511539157      -0.39840319682751335      -0.33246694216370754      -0.39840319682751413      -0.18975710511539229       0.18975710511539040       0.39840319682751402       0.33246694216371120       0.39840319682751418       0.18975710511538976     
 Orbital #:     4
  0.39278420637251721        4.5372251901721790E-003 -0.43749281322528039        4.5372251901733256E-003  0.39278420637251826       0.39278420637251871        4.5372251901749771E-003 -0.43749281322527822        4.5372251901751063E-003  0.39278420637251898     
 Orbital #:     5
 -0.26525021265097859      -0.42384233470550203        3.5267692993275336E-016  0.42384233470550148       0.26525021265097748       0.26525021265097948       0.42384233470550225        5.7363872806144436E-016 -0.42384233470550170      -0.26525021265097937     
 Orbital #:     6
 -0.26525021265097742       0.42384233470550087       -5.7193549884777044E-016 -0.42384233470550209       0.26525021265098092      -0.26525021265097865       0.42384233470550126        1.5195781574081530E-015 -0.42384233470550259       0.26525021265097742     
 Orbital #:     7
  0.39278420637252004       -4.5372251901762001E-003 -0.43749281322527844       -4.5372251901727991E-003  0.39278420637251760      -0.39278420637251787        4.5372251901735650E-003  0.43749281322527894        4.5372251901751159E-003 -0.39278420637251932     
 Orbital #:     8
  0.18975710511539132      -0.39840319682751485       0.33246694216371042      -0.39840319682751291       0.18975710511539085       0.18975710511539187      -0.39840319682751463       0.33246694216370831      -0.39840319682751252       0.18975710511539026     
 Orbital #:     9
  0.42384233470550153      -0.26525021265097853        4.5753331678888287E-016  0.26525021265097798      -0.42384233470550181      -0.42384233470550126       0.26525021265097898       -1.8247122562931040E-016 -0.26525021265097898       0.42384233470550231     
 Orbital #:    10
 -0.24436204345711504       0.30208327716904587      -0.44504580746766254       0.30208327716904537      -0.24436204345711507       0.24436204345711521      -0.30208327716904693       0.44504580746766326      -0.30208327716904659       0.24436204345711554     
