          12          12
 Orbital #:     1
  0.19863793091225340       0.22276640568204734       0.22276640568204745       0.29474690796872738       0.29474690796872749       0.43306090782666901       0.43306090782666468       0.29474690796872266       0.29474690796872272       0.22276640568204273       0.22276640568204301       0.19863793091224929     
 Orbital #:     2
  0.33659363131538134       0.31914088793557072       0.31914088793557127       0.26982954782031032       0.26982954782031066       0.19335703995325187      -0.19335703995325923      -0.26982954782031476      -0.26982954782031532      -0.31914088793557310      -0.31914088793557394      -0.33659363131538361     
 Orbital #:     3
  0.43764222308585149       0.27717056337172008       0.27717056337172175       -8.0144990497941354E-002  -8.0144990497939744E-002 -0.37679676639941445      -0.37679676639940912       -8.0144990497936788E-002  -8.0144990497936552E-002  0.27717056337171947       0.27717056337171958       0.43764222308584755     
 Orbital #:     4
   5.9420053004115445E-016  0.35294645455075419      -0.35294645455075307       0.35415928650837780      -0.35415928650837736       -1.6575247286430457E-016  -8.4949121894787481E-016 -0.35415928650827855       0.35415928650827749      -0.35294645455065338       0.35294645455065349        3.0213333194580607E-016
 Orbital #:     5
   1.0341987070695219E-016 -0.35415928650827760       0.35415928650827755      -0.35294645455065454       0.35294645455065349       -2.2364323964417722E-016   8.2232613376963820E-016 -0.35294645455075380       0.35294645455075446      -0.35415928650837852       0.35415928650837697       -1.3267835068583482E-015
 Orbital #:     6
 -0.39460991413457713      -0.14731157777785212      -0.14731157777785067       0.28964298000132216       0.28964298000132366       0.36482256241055516      -0.36482256241056144      -0.28964298000132438      -0.28964298000132366       0.14731157777785364       0.14731157777785456       0.39460991413458130     
 Orbital #:     7
  0.39460991413458135      -0.14731157777785372      -0.14731157777785431      -0.28964298000132471      -0.28964298000132410       0.36482256241056221       0.36482256241055461      -0.28964298000132255      -0.28964298000132255      -0.14731157777785070      -0.14731157777785064       0.39460991413457591     
 Orbital #:     8
  -3.1396629866983076E-016  0.35415928650848993      -0.35415928650848982      -0.35294645455086571       0.35294645455086671       -4.8790517444730004E-016  -6.8496750872213055E-018  0.35294645455054163      -0.35294645455054208      -0.35415928650816642       0.35415928650816669       -3.0740363731482926E-016
 Orbital #:     9
   5.1766500227692749E-016  0.35294645455054152      -0.35294645455054258      -0.35415928650816630       0.35415928650816636        4.8681463829889874E-016  -6.1332510506105620E-016 -0.35415928650848905       0.35415928650849016       0.35294645455086665      -0.35294645455086637       -3.1692051356374258E-016
 Orbital #:    10
 -0.43764222308584660       0.27717056337171936       0.27717056337171875        8.0144990497936316E-002   8.0144990497936858E-002 -0.37679676639940846       0.37679676639941456       -8.0144990497941063E-002  -8.0144990497939883E-002 -0.27717056337172064      -0.27717056337172197       0.43764222308585210     
 Orbital #:    11
  0.33659363131538506      -0.31914088793557499      -0.31914088793557460       0.26982954782031565       0.26982954782031554      -0.19335703995325990      -0.19335703995324993       0.26982954782030916       0.26982954782030849      -0.31914088793556966      -0.31914088793556905       0.33659363131537984     
 Orbital #:    12
 -0.19863793091224813       0.22276640568204162       0.22276640568204123      -0.29474690796872144      -0.29474690796872155       0.43306090782666390      -0.43306090782667023       0.29474690796872866       0.29474690796872771      -0.22276640568204853      -0.22276640568204795       0.19863793091225429     
