           ORB_  1   ORB_  2   ORB_  3   ORB_  4   ORB_  5   ORB_  6
 Site   1   0.25020   0.22750  -0.39136   0.41474   0.24512  -0.20370
 Site   3   0.25020  -0.22750  -0.39136  -0.41474   0.24512  -0.20370
           ORB_  7
 Site   1   0.40825
 Site   3  -0.40825
           ORB_  8   ORB_  9   ORB_ 10   ORB_ 11   ORB_ 12   ORB_ 13
 Site   1  -0.14216  -0.28510  -0.14628  -0.31603   0.16819  -0.20292
 Site   3  -0.14216   0.28510  -0.14628  -0.31603  -0.16819  -0.20292
           ORB_  1   ORB_  2   ORB_  3   ORB_  4   ORB_  5   ORB_  6
 Site   1  -0.20292   0.16819   0.31603  -0.14628   0.28510   0.14216
 Site   3  -0.20292  -0.16819   0.31603  -0.14628  -0.28510   0.14216
           ORB_  7   ORB_  8   ORB_  9   ORB_ 10   ORB_ 11   ORB_ 12
 Site   1   0.40825   0.20370  -0.24512   0.41474  -0.39136   0.22750
 Site   3  -0.40825   0.20370  -0.24512  -0.41474  -0.39136  -0.22750
           ORB_ 13
 Site   1   0.25020
 Site   3   0.25020
