          13          13
 Orbital #:     1
  0.25020118651558348       0.17623024106114091       0.25020118651558315       0.25020118759918192       0.33465838044102797       0.44185541549997837       0.33465838044102764       0.25020118759918109       0.17623024315331051       0.25020118593389556       0.33465837897945094       0.25020118593389412       0.17623024315330918     
 Orbital #:     2
  0.22749979118681790       -6.7662471660989706E-008 -0.22749993955512535       0.45268028440591229       0.31153510139272900       -8.8737079283383224E-016 -0.31153516958069299      -0.45268028491358764       0.30913432383071815       0.22518049374733357        6.8187962049475693E-008 -0.22518034487135322      -0.30913425616824552     
 Orbital #:     3
 -0.39136310337356944      -0.35695752862446806      -0.39136301712687738       -1.3392188190504721E-003 -0.17986495363573449       -3.5248654196686627E-010 -0.17986483553071858       -1.3390472049809284E-003  0.17847870864063309       0.39270215057803376       0.35972978726449040       0.39270223594540826       0.17847882583547217     
 Orbital #:     4
  0.41473780388870762       -4.2526980247934003E-008 -0.41473787007293494       -4.9085827252775046E-003  0.27829032944213050        8.9967791400702532E-016 -0.27829028605923972        4.9087127980910481E-003 -0.27279983967625032      -0.41964651678230563       -4.3382889624971567E-008  0.41964645289371810       0.27279988220322920     
 Orbital #:     5
  0.24511707604177937       0.31500214145256267       0.24511696405811242      -0.48173201561589324      -0.16067094485790689        8.8701690344617591E-009 -0.16067101999927663      -0.48173201429050483      -0.15750111091005778       0.23661493337840639       0.32134197127578912       0.23661504668746089      -0.15750103725116699     
 Orbital #:     6
 -0.20369563370022176      -0.28671662754444682      -0.20369563370021990      -0.20369562339861377       0.17171171663645313       0.64496087703627025       0.17171171663645429      -0.20369562339861449      -0.28671662364959588      -0.20369563214731667       0.17171171566104784      -0.20369563214731920      -0.28671662364959716     
 Orbital #:     7
  0.40824829202079554        8.3165854329610310E-016 -0.40824829202079488      -0.40824829045592476       -2.2994268766795452E-009   4.6046242940736898E-018   2.2994270954330321E-009  0.40824829045592526        2.2610379959283875E-009  0.40824828891486808       -5.4588913661933347E-016 -0.40824828891486936       -2.2610388900279092E-009
 Orbital #:     8
 -0.14215582169214960       0.45702139919021761      -0.14215554020531063       0.31798265505362899      -0.25239645546882011       -4.6147382053556350E-009 -0.25239688709065472       0.31798267424731919      -0.22851089477625269      -0.17582684945645713       0.50479334619321503      -0.17582711174961174      -0.22851050400166020     
 Orbital #:     9
 -0.28510106034280192       -2.2561382600081990E-007  0.28510120069634926       -1.9440294277208468E-002  0.43716398541971702       -6.2416349164995744E-015 -0.43716373622272847        1.9439980325689086E-002 -0.39579202749639231       0.26566108676711153       -2.4919697932450789E-007 -0.26566091316912438       0.39579225311019317     
 Orbital #:    10
 -0.14627538765845735       0.42490619303906746      -0.14627538765844608      -0.14627538509462995      -0.20423033231930487       0.45260929236112224      -0.20423033231932264      -0.14627538509462815       0.42490618743057434      -0.14627538790604988      -0.20423033374294303      -0.14627538790605918       0.42490618743058839     
 Orbital #:    11
 -0.31603430139379995       0.48078381569786582      -0.31603435328276130        1.2362620966118365E-002  0.21165069765663433       -1.8421706366234198E-009  0.21165081075644065        1.2362510582009073E-002 -0.24039197344253393       0.30367179135847638      -0.42330150322860688       0.30367173286332877      -0.24039184498431590     
 Orbital #:    12
  0.16818748963550417       -7.4165385754651481E-008 -0.16818739213302142       0.35778747615643780      -0.36658988897512534        1.2760659457657593E-015  0.36658982367691928      -0.35778747997051935      -0.41637096129719664       0.18959999064726923        6.5298203156226309E-008 -0.18960008433566994       0.41637103546258358     
 Orbital #:    13
 -0.20292272892476426       0.19880780071688123      -0.20292272892476429      -0.20292273132591923       0.38748181867512554      -0.42887537508501472       0.38748181867512599      -0.20292273132592012       0.19880780307227761      -0.20292273056984547       0.38748181830564998      -0.20292273056984630       0.19880780307227944     
