          13          13
 Orbital #:     1
 -0.20292272892476446      -0.19880780071688142      -0.20292272892476473      -0.20292273132591973      -0.38748181867512554      -0.42887537508501516      -0.38748181867512599      -0.20292273132591998      -0.19880780307227852      -0.20292273056984622      -0.38748181830564976      -0.20292273056984586      -0.19880780307227847     
 Orbital #:     2
  0.16818743050878129       -1.5784249025352392E-008 -0.16818745125974832       0.35778747846934889       0.36658984937748029       -4.3869491105206823E-016 -0.36658986327457194      -0.35778747765761676       0.41637100627202017       0.18960004746108972        1.3897091222184069E-008 -0.18960002752185381      -0.41637099048776960     
 Orbital #:     3
  0.31603433285991900       0.48078381569787165       0.31603432181664953       -1.2362554027813839E-002  0.21165076624177401        1.8421701357154080E-009  0.21165074217130533       -1.2362577520313389E-002 -0.24039189554386639      -0.30367175588629058      -0.42330150322861176      -0.30367176833552056      -0.24039192288298786     
 Orbital #:     4
 -0.14627538765845180      -0.42490619303907090      -0.14627538765845355      -0.14627538509462609       0.20423033231931745       0.45260929236112263       0.20423033231931473      -0.14627538509462693      -0.42490618743058023      -0.14627538790605690       0.20423033374293792      -0.14627538790605579      -0.42490618743057901     
 Orbital #:     5
  0.28510110625716290       -7.8002200976957925E-008 -0.28510115478205067        1.9440191573194640E-002  0.43716390389911208       -1.6559859461104435E-015 -0.43716381774342727       -1.9440083029707726E-002 -0.39579210130223280      -0.26566102997744451       -8.6155686130490183E-008  0.26566096995884880       0.39579217930443716     
 Orbital #:     6
  0.14215572960842593       0.45702139919026286       0.14215563228906250      -0.31798266133256081      -0.25239659666675018        4.6147420415325259E-009 -0.25239674589277605      -0.31798266796845803      -0.22851076694087274       0.17582693526131773       0.50479334619327110       0.17582702594478641      -0.22851063183709672     
 Orbital #:     7
  0.40824829202079527       -2.1609504550351710E-017 -0.40824829202079560      -0.40824829045592459        2.2994266866593254E-009  -5.5134390976319114E-016  -2.2994264116599146E-009  0.40824829045592503       -2.2610392317471345E-009  0.40824828891486920       -1.1695492122508477E-016 -0.40824828891486864        2.2610379239020059E-009
 Orbital #:     8
  0.20369563370021718      -0.28671662754444832       0.20369563370022647       0.20369562339861422       0.17171171663645632      -0.64496087703626948       0.17171171663645063       0.20369562339861283      -0.28671662364959910       0.20369563214732195       0.17171171566104712       0.20369563214731404      -0.28671662364959338     
 Orbital #:     9
 -0.24511701447158341       0.31500214145256539      -0.24511702562831317       0.48173201488718037      -0.16067098617169168       -8.8701706426880344E-009 -0.16067097868549354       0.48173201501922680      -0.15750107041136330      -0.23661499567732391       0.32134197127579239      -0.23661498438854775      -0.15750107774986569     
 Orbital #:    10
  0.41473784027773436       -4.2368894094101800E-009 -0.41473783368391492       -4.9086542411418245E-003 -0.27829030558960649       -7.1619370505457288E-015  0.27829030991176934        4.9086412822261314E-003  0.27279986305818299      -0.41964648165546198       -4.3221565187556016E-009  0.41964648802056986      -0.27279985882130192     
 Orbital #:    11
 -0.39136302100020193       0.35695752862446917      -0.39136309950024689       -1.3390549121399470E-003  0.17986484083479543       -3.5248741843940251E-010  0.17986494833165961       -1.3392111118920875E-003 -0.17847882057227282       0.39270223211157579      -0.35972978726449145       0.39270215441187017      -0.17847871390383413     
 Orbital #:    12
  0.22749993289193018       -6.1585051305563382E-008 -0.22749979785001426       0.45268028489078999      -0.31153516651838403        2.4212966918779898E-016  0.31153510445504057      -0.45268028442871427      -0.30913425920695697       0.22518035155734889        6.2063342255811588E-008 -0.22518048706133928       0.30913432079200942     
 Orbital #:    13
  0.25020118651558276      -0.17623024106113999       0.25020118651558304       0.25020118759918103      -0.33465838044102747       0.44185541549997803      -0.33465838044102791       0.25020118759918197      -0.17623024315330907       0.25020118593389384      -0.33465837897945061       0.25020118593389523      -0.17623024315331035     
