          12          12
 Orbital #:     1
 -0.20921591271586690      -0.23255693236024164      -0.23255693236024208      -0.29611108873881964      -0.29611108873882014      -0.41557152758662663      -0.41557152758662375      -0.29611108873881559      -0.29611108873881570      -0.23255693236023720      -0.23255693236023692      -0.20921591271586190     
 Orbital #:     2
 -0.33445501778203346      -0.31735739301278726      -0.31735739301278765      -0.27104389978312615      -0.27104389978312676      -0.19944628364894668       0.19944628364895248       0.27104389978313037       0.27104389978313059       0.31735739301279103       0.31735739301279081       0.33445501778203690     
 Orbital #:     3
 -0.43718835005896300      -0.26815358296481268      -0.26815358296481406        9.6542883404106758E-002   9.6542883404105342E-002  0.38263899668882084       0.38263899668882290        9.6542883404108853E-002   9.6542883404106106E-002 -0.26815358296481295      -0.26815358296481551      -0.43718835005896506     
 Orbital #:     4
  -1.3362969608505056E-015  0.35245927686353273      -0.35245927686353379       0.35464412888521113      -0.35464412888520896        1.5361409979210442E-015  -7.0009325160710886E-016 -0.35464412888533142       0.35464412888532992      -0.35245927686365397       0.35245927686365452        6.7484911162611653E-016
 Orbital #:     5
  -2.1009178157367943E-015 -0.35464412888533203       0.35464412888532981      -0.35245927686365308       0.35245927686365430        1.6007130917621928E-015   3.2730237984737166E-016 -0.35245927686353351       0.35245927686353301      -0.35464412888521096       0.35464412888521035       -4.3222683073946653E-016
 Orbital #:     6
 -0.39145228255766767      -0.15262769818893990      -0.15262769818893909       0.28201577824704505       0.28201577824704571       0.37564462409425353      -0.37564462409425242      -0.28201577824704199      -0.28201577824704593       0.15262769818894029       0.15262769818893718       0.39145228255766501     
 Orbital #:     7
 -0.39145228255766434       0.15262769818893782       0.15262769818893912       0.28201577824704416       0.28201577824704321      -0.37564462409425226      -0.37564462409425414       0.28201577824704682       0.28201577824704382       0.15262769818893820       0.15262769818894148      -0.39145228255766817     
 Orbital #:     8
  -1.2424103949236934E-015 -0.35464412888519720       0.35464412888519820       0.35245927686352102      -0.35245927686351936       -1.1547358456028089E-015  -1.3862736959922760E-016 -0.35245927686366640       0.35245927686366685       0.35464412888534280      -0.35464412888534352        3.0142852610470323E-016
 Orbital #:     9
  -1.5452212588833298E-015  0.35245927686366707      -0.35245927686366685      -0.35464412888534264       0.35464412888534452       -8.1848238556473872E-016  -1.5879964590960885E-015 -0.35464412888519697       0.35464412888519853       0.35245927686352091      -0.35245927686351941       -1.1548139328032932E-015
 Orbital #:    10
 -0.43718835005896445       0.26815358296481440       0.26815358296481323        9.6542883404107174E-002   9.6542883404108756E-002 -0.38263899668882373       0.38263899668881962       -9.6542883404104218E-002  -9.6542883404105120E-002 -0.26815358296481479      -0.26815358296481367       0.43718835005896389     
 Orbital #:    11
 -0.33445501778203507       0.31735739301278826       0.31735739301278848      -0.27104389978312643      -0.27104389978312654       0.19944628364894657       0.19944628364895328      -0.27104389978313076      -0.27104389978313076       0.31735739301278992       0.31735739301278959      -0.33445501778203540     
 Orbital #:    12
  0.20921591271586604      -0.23255693236024091      -0.23255693236024125       0.29611108873881958       0.29611108873881992      -0.41557152758662769       0.41557152758662474      -0.29611108873881647      -0.29611108873881642       0.23255693236023728       0.23255693236023733      -0.20921591271586232     
